Minute Volume (lpm)	Tidal Volume (ml)	Base Flow (lpm)	PIF (lpm)	PEF (lpm)	PIP (cmH2O)	PEEP (cmH2O)	IPP (cmH2O)	MAP (cmH2O)	Breath Rate	In. Hold (sec)	Ex. Hold (sec)	In. Time (sec)	Ex. Time (sec)	I:E Ratio	Compliance (ml/cmH2O)	Min Airway Press	Assist Press	Time
3.963	249.8	-----	19.40	14.29	29.0	15.1	29.0	21.3	-15.0	0.49	0.00	2.01	1.98	1.02:1	18.7	15.1	0.0	14:17:28
3.971	249.8	-----	19.33	14.49	29.0	15.1	29.0	21.3	-15.0	0.46	0.00	2.00	1.99	1.01:1	18.3	15.1	0.0
3.960	249.5	-----	19.20	14.30	29.0	15.1	29.0	21.3	-15.0	0.46	0.00	2.01	1.98	1.02:1	18.6	15.1	0.0
3.946	249.0	-----	19.37	14.26	29.0	14.9	29.0	21.3	-15.0	0.47	0.00	2.01	1.99	1.01:1	18.5	14.9	0.0
3.915	247.9	-----	19.42	14.29	29.0	15.1	29.0	21.4	-15.0	0.48	0.00	2.01	1.98	1.02:1	18.6	15.1	0.0
3.915	247.9	-----	19.38	14.25	29.0	15.1	29.0	21.3	-15.0	0.46	0.00	2.00	1.99	1.01:1	18.3	15.1	0.0
3.919	248.0	-----	19.29	14.48	29.0	15.1	29.0	21.3	-15.0	0.47	0.00	2.01	1.99	1.01:1	18.3	15.1	0.0
3.889	246.6	-----	19.37	14.05	29.0	15.1	29.0	21.3	-15.0	0.48	0.00	2.01	1.99	1.01:1	18.6	15.1	0.0
3.900	246.9	-----	19.33	14.34	29.0	15.1	29.0	21.3	-15.0	0.50	0.00	2.01	1.99	1.01:1	18.7	15.1	0.0
3.912	245.2	-----	19.23	14.39	29.0	15.0	29.0	21.3	-15.0	0.50	0.00	2.01	1.98	1.02:1	18.2	15.0	0.0
3.907	247.7	-----	19.36	14.33	29.0	15.1	29.0	21.3	-15.0	0.49	0.00	2.01	1.99	1.01:1	18.6	15.1	0.0
3.876	246.1	-----	19.30	14.27	29.1	15.1	29.1	21.4	-15.0	0.50	0.00	2.01	1.98	1.02:1	17.9	15.1	0.0
3.888	247.3	-----	19.26	14.39	29.0	15.1	29.0	21.3	-15.0	0.48	0.00	2.01	1.99	1.01:1	18.3	15.1	0.0
3.906	244.2	-----	19.26	14.36	29.0	15.1	29.0	21.3	-15.0	0.49	0.00	2.01	1.99	1.01:1	18.0	15.1	0.0
3.848	243.6	-----	19.40	14.19	29.0	15.1	29.0	21.4	-15.0	0.50	0.00	2.01	1.98	1.02:1	18.1	15.1	0.0
3.871	243.9	-----	19.40	14.00	28.9	15.1	28.9	21.4	-15.0	0.51	0.00	2.01	1.99	1.01:1	18.2	15.1	0.0
