Minute Volume (lpm)	Tidal Volume (ml)	Base Flow (lpm)	PIF (lpm)	PEF (lpm)	PIP (cmH2O)	PEEP (cmH2O)	IPP (cmH2O)	MAP (cmH2O)	Breath Rate	In. Hold (sec)	Ex. Hold (sec)	In. Time (sec)	Ex. Time (sec)	I:E Ratio	Compliance (ml/cmH2O)	Min Airway Press	Assist Press	Time
6.625	427.2	-----	25.69	18.42	23.7	7.0	22.5	13.9	-15.0	0.01	0.00	1.37	2.62	1:1.91	28.8	7.0	0.0	14:23:01
6.649	427.3	-----	25.69	18.52	23.9	6.9	22.4	14.0	-15.0	0.00	0.00	1.36	2.63	1:1.93	28.2	6.9	0.0
6.637	426.6	-----	25.69	18.61	23.8	6.9	22.5	13.9	-15.0	0.01	0.00	1.38	2.61	1:1.89	28.0	6.9	0.0
6.651	425.8	-----	25.43	18.82	23.8	6.9	22.4	13.9	-15.0	0.01	0.00	1.38	2.61	1:1.89	28.9	6.9	0.0
6.603	427.7	-----	25.69	18.51	23.7	7.0	22.4	13.9	-15.0	0.01	0.00	1.37	2.62	1:1.91	29.0	7.0	0.0
6.621	427.6	-----	25.32	18.68	23.7	6.9	22.3	13.9	-15.0	0.00	0.00	1.36	2.63	1:1.93	28.5	6.9	0.0
6.628	427.2	-----	25.32	18.65	23.7	6.9	22.4	13.9	-15.0	0.01	0.00	1.38	2.62	1:1.90	28.6	6.9	0.0
6.628	427.2	-----	25.43	18.80	23.8	6.9	22.3	13.9	-15.0	0.01	0.00	1.38	2.62	1:1.90	28.8	6.9	0.0
6.643	425.5	-----	25.69	18.65	23.8	6.9	22.3	14.0	-15.1	0.01	0.00	1.37	2.60	1:1.90	28.3	6.9	0.0
6.613	427.9	-----	25.43	18.77	23.7	6.9	22.3	13.9	-15.0	0.00	0.00	1.36	2.63	1:1.93	28.5	6.9	0.0
6.637	426.8	-----	25.28	18.75	23.8	6.9	22.3	13.9	-15.0	0.01	0.00	1.38	2.61	1:1.89	28.4	6.9	0.0
6.603	427.4	-----	25.69	18.80	23.7	6.9	22.3	13.9	-15.0	0.00	0.00	1.36	2.63	1:1.93	28.4	6.9	0.0
6.624	427.5	-----	25.69	18.75	23.7	6.9	22.4	13.9	-15.0	0.01	0.00	1.38	2.62	1:1.90	28.6	6.9	0.0
6.640	426.4	-----	25.57	18.89	23.7	6.9	22.2	13.9	-15.0	0.01	0.00	1.38	2.61	1:1.89	29.0	6.9	0.0
6.646	426.4	-----	25.69	18.82	23.7	6.9	22.3	13.9	-15.0	0.01	0.00	1.38	2.61	1:1.89	28.8	6.9	0.0
6.616	426.0	-----	25.57	18.75	23.8	6.9	22.3	13.9	-15.0	0.01	0.00	1.38	2.62	1:1.90	29.1	6.9	0.0
6.678	424.0	-----	25.57	18.82	23.7	6.9	22.2	14.0	-15.1	0.01	0.00	1.38	2.59	1:1.88	28.4	6.9	0.0
6.619	425.8	-----	25.69	18.79	23.7	6.9	22.3	13.9	-15.0	0.01	0.00	1.38	2.62	1:1.90	28.7	6.9	0.0
6.627	426.4	-----	25.57	18.54	23.7	6.9	22.2	13.9	-15.0	0.01	0.00	1.38	2.62	1:1.90	29.4	6.9	0.0
6.645	427.1	-----	25.40	18.72	23.7	6.9	22.3	14.0	-15.0	0.00	0.00	1.36	2.63	1:1.93	29.2	6.9	0.0
6.624	424.7	-----	25.43	18.82	23.7	6.8	22.2	13.9	-15.0	0.00	0.00	1.36	2.63	1:1.93	29.2	6.8	0.0
6.633	426.7	-----	25.57	18.87	23.7	6.9	22.2	13.9	-15.0	0.00	0.00	1.36	2.63	1:1.93	28.8	6.9	0.0
6.612	427.3	-----	25.32	18.76	23.7	6.9	22.3	13.9	-15.0	0.01	0.00	1.38	2.62	1:1.90	29.0	6.9	0.0
6.634	426.1	-----	25.83	18.72	23.7	6.9	22.2	13.9	-15.0	0.01	0.00	1.38	2.61	1:1.89	28.4	6.9	0.0
6.618	427.3	-----	25.97	18.76	23.7	6.9	22.2	13.9	-15.0	0.00	0.00	1.37	2.63	1:1.92	28.8	6.9	0.0
6.622	426.8	-----	25.43	18.83	23.7	6.9	22.3	13.9	-15.0	0.01	0.00	1.38	2.62	1:1.90	29.0	6.9	0.0
