Minute Volume (lpm)	Tidal Volume (ml)	Base Flow (lpm)	PIF (lpm)	PEF (lpm)	PIP (cmH2O)	PEEP (cmH2O)	IPP (cmH2O)	MAP (cmH2O)	Breath Rate	In. Hold (sec)	Ex. Hold (sec)	In. Time (sec)	Ex. Time (sec)	I:E Ratio	Compliance (ml/cmH2O)	Min Airway Press	Assist Press	Time
5.112	351.8	-----	17.43	17.29	22.6	10.1	22.4	16.3	-15.0	0.02	0.00	2.04	1.96	1.04:1	30.3	10.1	0.0	14:25:41
5.113	351.9	-----	17.37	17.35	22.6	10.1	22.5	16.3	-15.0	0.01	0.00	2.03	1.97	1.03:1	30.0	10.1	0.0
5.085	350.1	-----	17.33	17.12	22.6	10.1	22.6	16.4	-15.0	0.02	0.00	2.03	1.96	1.04:1	29.4	10.1	0.0
5.091	350.6	-----	17.20	17.38	22.6	10.2	22.5	16.4	-15.0	0.02	0.00	2.04	1.96	1.04:1	29.4	10.2	0.0
5.053	350.3	-----	17.15	17.30	22.6	10.2	22.6	16.4	-15.1	0.02	0.00	2.02	1.96	1.03:1	29.4	10.2	0.0
5.082	349.3	-----	17.03	17.34	22.6	10.1	22.6	16.4	-15.0	0.02	0.00	2.04	1.96	1.04:1	29.8	10.1	0.0
5.090	350.1	-----	17.26	17.27	22.6	10.1	22.6	16.3	-15.0	0.02	0.00	2.03	1.96	1.04:1	29.4	10.1	0.0
5.085	350.6	-----	17.34	17.24	22.7	10.1	22.6	16.3	-15.0	0.01	0.00	2.02	1.97	1.03:1	29.9	10.1	0.0
5.073	351.0	-----	17.41	17.22	22.7	10.1	22.6	16.4	-15.0	0.02	0.00	2.03	1.96	1.04:1	29.4	10.1	0.0
5.059	350.7	-----	17.43	17.19	22.7	10.1	22.6	16.3	-15.1	0.02	0.00	2.02	1.96	1.03:1	29.4	10.1	0.0
5.074	350.6	-----	17.26	17.29	22.7	10.1	22.6	16.4	-15.0	0.02	0.00	2.03	1.97	1.03:1	29.9	10.1	0.0
5.097	350.0	-----	17.33	17.31	22.7	10.2	22.7	16.4	-15.0	0.02	0.00	2.03	1.96	1.04:1	29.4	10.2	0.0
5.084	349.9	-----	17.29	17.25	22.8	10.1	22.6	16.4	-15.0	0.02	0.00	2.03	1.96	1.04:1	29.6	10.1	0.0
5.089	350.0	-----	17.16	17.25	22.8	10.1	22.6	16.4	-15.0	0.01	0.00	2.03	1.97	1.03:1	29.9	10.1	0.0
