Minute Volume (lpm)	Tidal Volume (ml)	Base Flow (lpm)	PIF (lpm)	PEF (lpm)	PIP (cmH2O)	PEEP (cmH2O)	IPP (cmH2O)	MAP (cmH2O)	Breath Rate	In. Hold (sec)	Ex. Hold (sec)	In. Time (sec)	Ex. Time (sec)	I:E Ratio	Compliance (ml/cmH2O)	Min Airway Press	Assist Press	Time
4.858	340.8	-----	17.87	17.39	22.8	9.7	22.7	16.3	-15.0	0.02	0.00	2.04	1.96	1.04:1	27.0	9.7	0.0	14:28:16
4.848	340.9	-----	17.96	17.46	22.8	9.7	22.7	16.3	-15.0	0.02	0.00	2.04	1.96	1.04:1	27.0	9.7	0.0
4.833	340.6	-----	17.93	17.44	22.8	9.7	22.7	16.3	-15.0	0.02	0.00	2.04	1.96	1.04:1	27.6	9.7	0.0
4.849	340.4	-----	17.99	17.55	22.8	9.7	22.6	16.3	-15.0	0.02	0.00	2.04	1.96	1.04:1	27.6	9.7	0.0
4.861	340.8	-----	17.65	17.34	22.8	9.7	22.7	16.3	-15.0	0.02	0.00	2.04	1.96	1.04:1	27.7	9.7	0.0
4.857	340.2	-----	17.79	17.36	22.8	9.7	22.7	16.3	-15.0	0.02	0.00	2.04	1.96	1.04:1	27.6	9.7	0.0
4.855	340.6	-----	17.90	17.43	22.8	9.7	22.7	16.3	-15.0	0.02	0.00	2.04	1.96	1.04:1	27.4	9.7	0.0
4.803	341.1	-----	17.68	17.46	22.8	9.7	22.7	16.3	-15.0	0.02	0.00	2.03	1.96	1.04:1	27.7	9.7	0.0
4.860	341.4	-----	17.82	17.39	22.8	9.7	22.7	16.3	-15.0	0.02	0.00	2.03	1.96	1.04:1	27.3	9.7	0.0
4.836	340.2	-----	17.93	17.46	22.8	9.7	22.7	16.3	-15.0	0.01	0.01	2.03	1.97	1.03:1	27.8	9.7	0.0
4.866	340.9	-----	17.66	17.29	22.8	9.7	22.7	16.3	-15.0	0.01	0.00	2.03	1.96	1.04:1	27.7	9.7	0.0
4.849	342.0	-----	17.75	17.49	22.8	9.7	22.7	16.3	-15.0	0.02	0.00	2.04	1.96	1.04:1	27.8	9.7	0.0
4.851	340.7	-----	17.86	17.30	22.8	9.7	22.7	16.3	-15.0	0.02	0.00	2.03	1.96	1.04:1	27.0	9.7	0.0
4.825	341.2	-----	17.80	17.28	22.8	9.7	22.6	16.3	-15.0	0.02	0.00	2.04	1.96	1.04:1	28.1	9.7	0.0
4.857	341.3	-----	17.93	17.81	22.8	9.7	22.7	16.3	-15.0	0.02	0.00	2.04	1.96	1.04:1	27.7	9.7	0.0
4.876	339.2	-----	17.90	17.52	22.8	9.7	22.7	16.3	-15.0	0.02	0.01	2.04	1.95	1.05:1	27.5	9.7	0.0
