Minute Volume (lpm)	Tidal Volume (ml)	Base Flow (lpm)	PIF (lpm)	PEF (lpm)	PIP (cmH2O)	PEEP (cmH2O)	IPP (cmH2O)	MAP (cmH2O)	Breath Rate	In. Hold (sec)	Ex. Hold (sec)	In. Time (sec)	Ex. Time (sec)	I:E Ratio	Compliance (ml/cmH2O)	Min Airway Press	Assist Press	Time
6.338	435.5	-----	26.19	20.29	24.4	6.5	23.5	13.9	-15.0	0.00	0.00	1.35	2.64	1:1.96	27.0	6.5	0.0	14:30:42
6.391	435.3	-----	26.22	20.04	24.4	6.6	23.6	13.9	-15.1	0.00	0.00	1.35	2.63	1:1.95	26.5	6.6	0.0
6.348	436.3	-----	26.09	19.90	24.4	6.5	23.4	13.9	-15.0	0.01	0.00	1.36	2.63	1:1.93	26.9	6.5	0.0
6.360	436.3	-----	25.97	19.95	24.4	6.5	23.4	13.9	-15.0	0.01	0.00	1.37	2.63	1:1.92	27.2	6.5	0.0
6.374	436.6	-----	26.05	20.06	24.4	6.5	23.5	13.9	-15.0	0.00	0.00	1.35	2.64	1:1.96	26.4	6.5	0.0
6.372	432.8	-----	25.97	20.01	24.3	6.6	23.6	13.9	-15.0	0.01	0.00	1.37	2.62	1:1.91	26.0	6.6	0.0
6.350	436.5	-----	26.05	19.80	24.4	6.5	23.5	13.9	-15.0	0.00	0.00	1.35	2.64	1:1.96	26.4	6.5	0.0
6.384	436.2	-----	26.22	19.84	24.4	6.6	23.6	13.9	-15.0	0.01	0.00	1.37	2.62	1:1.91	26.2	6.6	0.0
6.375	434.5	-----	26.05	20.04	24.4	6.5	23.7	13.9	-15.0	0.01	0.00	1.37	2.62	1:1.91	26.0	6.5	0.0
6.367	435.9	-----	26.36	20.01	24.4	6.5	23.6	13.9	-15.0	0.01	0.00	1.37	2.63	1:1.92	26.5	6.5	0.0
6.369	435.7	-----	26.19	20.00	24.5	6.5	23.5	13.9	-15.0	0.01	0.00	1.37	2.62	1:1.91	26.4	6.5	0.0
6.332	435.9	-----	26.22	19.84	24.4	6.5	23.5	13.9	-15.0	0.01	0.00	1.37	2.62	1:1.91	26.2	6.5	0.0
6.383	435.3	-----	26.09	19.96	24.3	6.6	23.6	13.9	-15.0	0.01	0.00	1.37	2.62	1:1.91	25.9	6.6	0.0
6.358	433.5	-----	26.58	19.93	24.4	6.5	23.5	13.9	-15.1	0.01	0.00	1.37	2.61	1:1.91	26.4	6.5	0.0
6.389	435.1	-----	26.09	19.82	24.4	6.5	23.6	13.9	-15.0	0.01	0.00	1.37	2.62	1:1.91	26.3	6.5	0.0
6.354	435.7	-----	26.09	19.73	24.4	6.5	23.6	13.9	-15.0	0.01	0.00	1.37	2.63	1:1.92	26.7	6.5	0.0
