Minute Volume (lpm)	Tidal Volume (ml)	Base Flow (lpm)	PIF (lpm)	PEF (lpm)	PIP (cmH2O)	PEEP (cmH2O)	IPP (cmH2O)	MAP (cmH2O)	Breath Rate	In. Hold (sec)	Ex. Hold (sec)	In. Time (sec)	Ex. Time (sec)	I:E Ratio	Compliance (ml/cmH2O)	Min Airway Press	Assist Press	Time
4.612	325.2	-----	18.88	15.78	28.9	15.4	28.9	21.3	-15.0	0.33	0.00	2.00	2.00	1:1.00	25.4	15.4	0.0	14:33:19
4.605	323.1	-----	18.88	15.78	28.9	15.5	28.9	21.3	-15.0	0.35	0.00	2.00	2.00	1:1.00	25.2	15.5	0.0
4.578	323.0	-----	18.85	15.77	28.8	15.5	28.8	21.3	-15.0	0.36	0.00	2.00	2.00	1:1.00	25.6	15.5	0.0
4.586	322.0	-----	18.77	15.78	28.9	15.5	28.9	21.4	-15.0	0.36	0.00	2.00	1.99	1.01:1	25.1	15.5	0.0
4.554	322.1	-----	19.12	15.63	28.9	15.4	28.9	21.4	-15.0	0.37	0.00	2.00	1.99	1.01:1	24.9	15.4	0.0
4.560	321.1	-----	18.98	15.67	28.9	15.4	28.9	21.3	-15.0	0.37	0.00	2.01	1.99	1.01:1	25.0	15.4	0.0
4.587	319.9	-----	18.88	15.67	28.9	15.5	28.9	21.4	-15.1	0.37	0.00	2.01	1.97	1.02:1	24.6	15.5	0.0
4.521	319.6	-----	19.27	15.71	28.9	15.5	28.9	21.4	-15.0	0.37	0.00	2.01	1.99	1.01:1	25.1	15.5	0.0
4.537	320.4	-----	18.88	15.65	28.9	15.3	28.9	21.4	-15.0	0.39	0.00	2.01	1.99	1.01:1	25.0	15.3	0.0
4.545	319.4	-----	18.88	15.62	29.0	15.5	29.0	21.4	-15.0	0.39	0.00	2.01	1.98	1.02:1	24.5	15.5	0.0
4.513	318.7	-----	18.96	15.77	28.9	15.4	28.9	21.4	-15.0	0.38	0.00	2.00	2.00	1:1.00	25.0	15.4	0.0
4.522	318.3	-----	18.92	15.65	28.9	15.4	28.9	21.4	-15.0	0.40	0.00	2.01	1.99	1.01:1	24.8	15.4	0.0
4.503	318.1	-----	19.10	15.54	28.9	15.5	28.9	21.4	-15.0	0.40	0.00	2.00	2.00	1:1.00	25.0	15.5	0.0
4.488	317.3	-----	19.27	15.58	28.9	15.4	28.9	21.4	-15.0	0.42	0.00	2.00	1.99	1.01:1	24.7	15.4	0.0
