Minute Volume (lpm)	Tidal Volume (ml)	Base Flow (lpm)	PIF (lpm)	PEF (lpm)	PIP (cmH2O)	PEEP (cmH2O)	IPP (cmH2O)	MAP (cmH2O)	Breath Rate	In. Hold (sec)	Ex. Hold (sec)	In. Time (sec)	Ex. Time (sec)	I:E Ratio	Compliance (ml/cmH2O)	Min Airway Press	Assist Press	Time
1.991	139.9	-----	12.90	14.83	28.6	14.3	28.6	21.8	-15.1	0.80	0.51	2.02	1.96	1.03:1	9.9	14.3	0.0	14:42:25
1.960	140.1	-----	12.70	14.89	28.7	14.4	28.6	21.8	-15.0	0.82	0.51	2.02	1.97	1.03:1	10.0	14.4	0.0
1.980	139.0	-----	13.08	14.76	28.6	14.3	28.6	21.7	-15.0	0.81	0.56	2.02	1.98	1.02:1	10.0	14.3	0.0
2.000	138.7	-----	12.84	14.85	28.6	14.3	28.6	21.7	-15.1	0.80	0.51	2.01	1.97	1.02:1	9.8	14.3	0.0
1.977	139.6	-----	12.73	14.83	28.6	14.3	28.6	21.8	-15.0	0.82	0.53	2.03	1.96	1.04:1	9.9	14.3	0.0
1.981	140.0	-----	12.76	15.06	28.7	14.4	28.7	21.8	-15.0	0.81	0.52	2.03	1.96	1.04:1	9.8	14.4	0.0
1.990	139.4	-----	12.96	14.82	28.7	14.4	28.7	21.7	-15.0	0.81	0.53	2.03	1.97	1.03:1	9.8	14.4	0.0
1.971	139.8	-----	12.72	14.75	28.7	14.4	28.7	21.8	-15.1	0.81	0.51	2.02	1.96	1.03:1	9.8	14.4	0.0
1.996	141.0	-----	12.73	14.82	28.7	14.4	28.7	21.8	-15.0	0.80	0.50	2.02	1.97	1.03:1	9.9	14.4	0.0
1.983	139.9	-----	12.66	14.96	28.6	14.3	28.6	21.8	-15.0	0.82	0.50	2.02	1.97	1.03:1	9.9	14.3	0.0
1.987	140.6	-----	12.66	14.97	28.7	14.4	28.6	21.8	-15.0	0.80	0.51	2.02	1.97	1.03:1	9.9	14.4	0.0
1.988	139.3	-----	12.81	14.96	28.7	14.4	28.7	21.8	-15.1	0.82	0.50	2.03	1.95	1.04:1	9.8	14.4	0.0
1.980	140.0	-----	12.84	14.92	28.6	14.4	28.6	21.7	-15.0	0.81	0.52	2.02	1.98	1.02:1	9.9	14.4	0.0
1.982	139.3	-----	12.56	14.82	28.7	14.4	28.7	21.8	-15.1	0.82	0.51	2.02	1.96	1.03:1	9.8	14.4	0.0
1.972	140.5	-----	12.57	14.93	28.7	14.1	28.7	21.7	-15.0	0.82	0.50	2.03	1.97	1.03:1	9.8	14.1	0.0
1.980	139.7	-----	12.81	14.88	28.6	14.3	28.6	21.8	-15.0	0.82	0.52	2.02	1.97	1.03:1	9.9	14.3	0.0
1.969	139.5	-----	12.73	14.95	28.7	14.3	28.7	21.7	-15.0	0.82	0.51	2.02	1.98	1.02:1	9.8	14.3	0.0
1.981	138.9	-----	12.71	14.71	28.6	14.3	28.6	21.8	-15.0	0.81	0.52	2.02	1.97	1.03:1	9.8	14.3	0.0
1.966	139.1	-----	12.66	14.90	28.6	14.4	28.6	21.7	-15.0	0.82	0.53	2.02	1.98	1.02:1	9.8	14.4	0.0
1.990	139.5	-----	12.80	14.88	28.7	14.4	28.7	21.7	-15.0	0.81	0.54	2.02	1.98	1.02:1	9.8	14.4	0.0
1.974	138.7	-----	12.57	14.62	28.7	14.3	28.7	21.8	-15.1	0.82	0.51	2.02	1.96	1.03:1	9.7	14.3	0.0
1.935	138.4	-----	12.74	14.76	28.6	14.4	28.6	21.7	-15.0	0.84	0.55	2.02	1.98	1.02:1	9.9	14.4	0.0
1.983	138.4	-----	12.91	14.82	28.6	14.4	28.6	21.8	-15.1	0.82	0.53	2.02	1.96	1.03:1	9.8	14.4	0.0
1.986	139.1	-----	12.94	14.79	28.7	14.3	28.7	21.8	-15.1	0.82	0.51	2.02	1.96	1.03:1	9.7	14.3	0.0
1.981	136.9	-----	12.51	14.81	28.6	14.2	28.6	21.8	-15.1	0.83	0.52	2.02	1.95	1.04:1	9.8	14.2	0.0
1.997	136.9	-----	12.73	14.88	28.7	14.4	28.7	21.8	-15.1	0.82	0.53	2.02	1.96	1.03:1	9.6	14.4	0.0
1.961	138.0	-----	12.64	14.69	28.6	14.4	28.6	21.8	-15.1	0.83	0.53	2.02	1.96	1.03:1	9.7	14.4	0.0
1.983	138.4	-----	12.73	14.77	28.6	14.4	28.6	21.8	-15.0	0.83	0.53	2.03	1.96	1.04:1	9.8	14.4	0.0
1.947	139.0	-----	12.80	14.76	28.6	14.4	28.6	21.7	-15.1	0.82	0.54	2.01	1.97	1.02:1	9.8	14.4	0.0
1.951	138.6	-----	12.62	14.75	28.6	14.4	28.6	21.7	-15.0	0.84	0.53	2.03	1.98	1.03:1	10.0	14.4	0.0
1.977	138.2	-----	12.94	14.85	28.6	14.4	28.6	21.8	-15.0	0.82	0.54	2.02	1.97	1.03:1	9.9	14.4	0.0
1.975	137.6	-----	12.87	14.88	28.6	14.4	28.6	21.8	-15.0	0.83	0.54	2.02	1.97	1.03:1	9.8	14.4	0.0
1.963	138.1	-----	12.61	14.86	28.7	14.4	28.7	21.8	-15.0	0.84	0.53	2.02	1.97	1.03:1	9.7	14.4	0.0
2.040	133.4	-----	13.00	14.18	28.7	14.4	28.7	21.8	-15.0	0.84	0.52	2.02	1.97	1.03:1	9.5	14.4	0.0
2.041	133.7	-----	12.93	14.30	28.6	14.4	28.6	21.7	-15.0	0.83	0.53	2.02	1.98	1.02:1	9.6	14.4	0.0
2.050	133.8	-----	13.38	14.54	28.7	14.4	28.7	21.9	-15.1	0.84	0.51	2.02	1.96	1.03:1	9.5	14.4	0.0
