Minute Volume (lpm)	Tidal Volume (ml)	Base Flow (lpm)	PIF (lpm)	PEF (lpm)	PIP (cmH2O)	PEEP (cmH2O)	IPP (cmH2O)	MAP (cmH2O)	Breath Rate	In. Hold (sec)	Ex. Hold (sec)	In. Time (sec)	Ex. Time (sec)	I:E Ratio	Compliance (ml/cmH2O)	Min Airway Press	Assist Press	Time
3.178	210.6	-----	18.69	19.36	27.5	10.0	27.5	13.7	-15.1	0.02	0.08	1.36	2.61	1:1.92	9.7	5.7	4.3	14:46:28
3.195	209.7	-----	18.17	19.50	27.5	10.0	27.4	13.7	-15.1	0.01	0.05	1.36	2.62	1:1.93	9.7	5.7	4.3
3.202	210.5	-----	18.24	19.39	27.5	10.0	27.3	13.7	-15.1	0.01	0.08	1.36	2.62	1:1.93	9.9	5.7	4.3
3.183	210.6	-----	18.61	19.57	27.5	10.1	27.5	13.7	-15.1	0.02	0.08	1.36	2.62	1:1.93	9.7	5.7	4.4
3.189	209.7	-----	18.91	19.11	27.5	10.1	27.3	13.7	-15.1	0.01	0.07	1.36	2.62	1:1.93	9.8	5.7	4.4
3.154	207.7	-----	18.77	19.23	27.5	10.0	27.5	13.7	-15.2	0.02	0.14	1.35	2.61	1:1.93	9.6	5.7	4.3
3.194	208.2	-----	18.87	19.11	27.5	10.0	27.5	13.8	-15.1	0.01	0.12	1.36	2.61	1:1.92	9.6	5.7	4.3
3.134	208.4	-----	18.42	19.22	27.5	10.0	27.4	13.7	-15.1	0.02	0.09	1.35	2.62	1:1.94	9.8	5.6	4.4
3.195	207.6	-----	18.77	19.19	27.5	10.0	27.4	13.8	-15.2	0.02	0.11	1.36	2.60	1:1.91	9.6	5.7	4.3
3.195	206.8	-----	18.62	19.40	27.5	10.0	27.3	13.8	-15.2	0.01	0.12	1.36	2.60	1:1.91	9.6	5.7	4.3
3.171	209.0	-----	18.71	19.26	27.5	10.0	27.3	13.7	-15.1	0.01	0.10	1.36	2.62	1:1.93	9.8	5.7	4.3
3.178	208.3	-----	18.46	19.46	27.5	10.1	27.5	13.7	-15.0	0.02	0.13	1.36	2.63	1:1.93	9.5	5.7	4.4
3.177	208.1	-----	18.95	18.95	27.5	10.1	27.2	13.7	-15.0	0.02	0.15	1.37	2.63	1:1.92	9.7	5.7	4.4
3.159	208.8	-----	18.30	19.23	27.5	10.1	27.5	13.6	-15.0	0.02	0.14	1.36	2.64	1:1.94	9.7	5.7	4.4
3.191	208.6	-----	18.58	19.26	27.5	10.1	27.3	13.7	-15.1	0.02	0.15	1.36	2.62	1:1.93	9.7	5.7	4.4
3.191	208.9	-----	18.24	19.33	27.5	10.1	27.4	13.7	-15.1	0.02	0.16	1.36	2.62	1:1.93	9.7	5.7	4.4
3.215	208.8	-----	18.33	19.50	27.5	10.1	27.5	13.8	-15.2	0.01	0.11	1.36	2.60	1:1.91	9.6	5.7	4.4
3.182	209.5	-----	18.69	19.29	27.5	10.1	27.2	13.7	-15.1	0.01	0.14	1.35	2.63	1:1.95	9.8	5.7	4.4
3.220	208.9	-----	18.70	19.29	27.5	10.1	27.4	13.7	-15.1	0.02	0.15	1.36	2.62	1:1.93	9.8	5.6	4.5
