Minute Volume (lpm)	Tidal Volume (ml)	Base Flow (lpm)	PIF (lpm)	PEF (lpm)	PIP (cmH2O)	PEEP (cmH2O)	IPP (cmH2O)	MAP (cmH2O)	Breath Rate	In. Hold (sec)	Ex. Hold (sec)	In. Time (sec)	Ex. Time (sec)	I:E Ratio	Compliance (ml/cmH2O)	Min Airway Press	Assist Press	Time
1.765	128.9	-----	12.73	14.20	23.0	9.2	22.9	16.8	-15.1	0.89	0.13	2.01	1.97	1.02:1	9.6	9.2	0.0	14:49:25
1.756	128.1	-----	12.85	14.15	23.2	9.2	23.2	16.8	-15.1	0.86	0.17	2.01	1.97	1.02:1	9.2	9.2	0.0
1.772	127.5	-----	12.74	14.23	23.0	9.2	23.0	16.8	-15.1	0.86	0.17	2.01	1.96	1.03:1	9.3	9.2	0.0
1.775	127.7	-----	12.89	14.06	23.1	9.2	23.1	16.8	-15.1	0.87	0.14	2.02	1.96	1.03:1	9.3	9.2	0.0
1.772	126.5	-----	12.68	14.11	22.9	9.2	22.9	16.8	-15.1	0.87	0.20	2.02	1.96	1.03:1	9.5	9.2	0.0
1.741	125.6	-----	12.87	14.20	23.9	9.1	23.9	16.8	-15.1	0.90	0.15	2.01	1.96	1.03:1	8.6	9.1	0.0
1.733	127.7	-----	12.83	14.21	22.9	9.2	22.9	16.8	-15.0	0.91	0.15	2.01	1.98	1.02:1	9.6	9.2	0.0
1.728	126.9	-----	12.68	14.07	23.7	9.1	23.7	16.8	-15.2	0.89	0.16	2.00	1.96	1.02:1	8.8	9.1	0.0
1.756	127.0	-----	12.82	14.15	23.4	9.2	23.4	16.7	-15.0	0.90	0.17	2.02	1.97	1.03:1	9.0	9.2	0.0
1.769	126.2	-----	12.95	13.96	23.0	9.2	23.0	16.8	-15.0	0.87	0.20	2.02	1.97	1.03:1	9.4	9.2	0.0
1.763	126.6	-----	12.78	14.04	22.9	9.2	22.9	16.8	-15.0	0.87	0.18	2.01	1.98	1.02:1	9.5	9.2	0.0
1.775	126.3	-----	12.78	13.94	23.8	9.2	23.8	16.8	-15.1	0.88	0.17	2.01	1.96	1.03:1	8.7	9.2	0.0
