Minute Volume (lpm)	Tidal Volume (ml)	Base Flow (lpm)	PIF (lpm)	PEF (lpm)	PIP (cmH2O)	PEEP (cmH2O)	IPP (cmH2O)	MAP (cmH2O)	Breath Rate	In. Hold (sec)	Ex. Hold (sec)	In. Time (sec)	Ex. Time (sec)	I:E Ratio	Compliance (ml/cmH2O)	Min Airway Press	Assist Press	Time
2.021	130.0	-----	18.36	15.33	25.4	9.7	25.4	18.2	-15.0	0.97	0.25	2.02	1.97	1.03:1	8.3	9.7	0.0	14:53:55
2.028	130.2	-----	18.58	15.16	25.4	9.6	25.4	18.1	-15.0	0.95	0.27	2.02	1.97	1.03:1	8.4	9.6	0.0
2.015	130.2	-----	18.15	15.30	25.4	9.7	25.4	18.1	-15.1	0.95	0.25	2.01	1.97	1.02:1	8.5	9.7	0.0
2.028	130.1	-----	18.57	15.16	25.4	9.6	25.4	18.1	-15.0	0.96	0.26	2.02	1.97	1.03:1	8.5	9.6	0.0
2.024	129.8	-----	18.49	15.10	25.4	9.6	25.4	18.1	-15.0	0.96	0.26	2.02	1.97	1.03:1	8.4	9.6	0.0
2.015	128.1	-----	18.40	15.23	25.4	9.6	25.4	18.1	-15.1	0.95	0.26	2.01	1.97	1.02:1	8.3	9.6	0.0
2.012	129.2	-----	18.03	14.93	25.4	9.6	25.4	18.1	-15.0	0.97	0.26	2.01	1.98	1.02:1	8.4	9.6	0.0
2.004	129.3	-----	18.41	15.36	25.4	9.6	25.4	18.1	-15.1	0.96	0.26	2.00	1.97	1.02:1	8.2	9.6	0.0
2.030	129.9	-----	18.45	15.10	25.4	9.7	25.4	18.1	-15.0	0.95	0.25	2.02	1.97	1.03:1	8.5	9.7	0.0
2.025	129.7	-----	18.61	15.09	25.5	9.6	25.4	18.2	-15.0	0.95	0.25	2.01	1.98	1.02:1	8.4	9.6	0.0
2.031	129.9	-----	18.55	15.03	25.4	9.6	25.4	18.1	-15.0	0.94	0.25	2.01	1.98	1.02:1	8.5	9.6	0.0
2.027	129.7	-----	18.33	14.88	25.4	9.6	25.4	18.1	-15.0	0.95	0.28	2.01	1.98	1.02:1	8.5	9.6	0.0
1.998	129.5	-----	17.84	15.34	25.5	9.6	25.5	18.2	-15.1	0.96	0.26	2.01	1.97	1.02:1	8.4	9.6	0.0
2.016	129.9	-----	17.95	15.34	25.4	9.6	25.4	18.1	-15.0	0.98	0.26	2.02	1.97	1.03:1	8.4	9.6	0.0
1.995	129.4	-----	18.33	14.94	25.4	9.6	25.4	18.1	-15.1	0.96	0.27	2.01	1.97	1.02:1	8.3	9.6	0.0
2.027	130.1	-----	18.40	15.01	25.4	9.6	25.4	18.1	-15.0	0.95	0.25	2.02	1.97	1.03:1	8.3	9.6	0.0
2.036	129.5	-----	18.51	15.17	25.4	9.6	25.4	18.1	-15.0	0.96	0.26	2.02	1.97	1.03:1	8.3	9.6	0.0
2.030	129.1	-----	18.50	15.26	25.5	9.7	25.5	18.2	-15.1	0.97	0.26	2.02	1.96	1.03:1	8.2	9.7	0.0
