Minute Volume (lpm)	Tidal Volume (ml)	Base Flow (lpm)	PIF (lpm)	PEF (lpm)	PIP (cmH2O)	PEEP (cmH2O)	IPP (cmH2O)	MAP (cmH2O)	Breath Rate	In. Hold (sec)	Ex. Hold (sec)	In. Time (sec)	Ex. Time (sec)	I:E Ratio	Compliance (ml/cmH2O)	Min Airway Press	Assist Press	Time
3.684	237.7	-----	24.36	22.05	30.3	5.9	30.1	15.3	-15.0	0.02	0.17	1.37	2.62	1:1.91	10.0	5.9	0.0	14:56:26
3.685	238.2	-----	24.50	22.16	30.3	11.3	30.1	15.3	-15.1	0.02	0.15	1.36	2.62	1:1.93	10.0	5.8	5.5
3.710	238.1	-----	24.93	22.99	30.3	11.3	30.0	15.3	-15.1	0.01	0.15	1.36	2.62	1:1.93	9.9	5.8	5.5
3.708	236.8	-----	24.50	22.44	30.3	5.8	29.9	15.3	-15.1	0.01	0.16	1.37	2.61	1:1.91	9.9	5.8	0.0
3.723	235.9	-----	24.53	22.28	30.3	5.9	29.9	15.3	-15.1	0.01	0.14	1.37	2.60	1:1.90	9.9	5.8	0.1
3.668	237.5	-----	24.62	22.28	30.2	11.2	30.0	15.3	-15.1	0.01	0.14	1.36	2.61	1:1.92	9.8	5.8	5.4
3.691	238.1	-----	24.14	21.88	30.3	11.2	30.1	15.3	-15.0	0.01	0.13	1.37	2.62	1:1.91	9.8	5.9	5.3
3.702	238.5	-----	24.25	22.13	30.3	11.3	30.2	15.3	-15.1	0.02	0.13	1.37	2.61	1:1.91	10.0	5.8	5.5
3.687	237.0	-----	24.90	22.42	30.3	5.9	30.0	15.3	-15.1	0.01	0.16	1.36	2.62	1:1.93	9.9	5.9	0.0
3.690	238.7	-----	24.25	22.42	30.3	11.2	30.2	15.3	-15.1	0.02	0.14	1.36	2.61	1:1.92	9.8	5.8	5.4
3.687	238.4	-----	24.40	22.02	30.2	11.2	30.1	15.3	-15.0	0.01	0.14	1.37	2.62	1:1.91	9.9	5.8	5.4
3.639	237.8	-----	24.79	22.56	30.3	11.1	30.2	15.3	-15.1	0.01	0.14	1.35	2.62	1:1.94	9.7	5.8	5.3
3.669	235.5	-----	24.36	21.88	30.3	5.8	30.1	15.3	-15.1	0.01	0.17	1.36	2.62	1:1.93	9.9	5.8	0.0
3.679	236.4	-----	24.11	22.44	30.3	5.8	30.0	15.3	-15.1	0.01	0.15	1.36	2.62	1:1.93	10.0	5.8	0.0
3.684	235.1	-----	24.11	21.99	30.3	5.8	30.1	15.3	-15.1	0.01	0.16	1.36	2.62	1:1.93	9.9	5.8	0.0
3.684	235.7	-----	24.76	22.16	30.2	5.8	30.0	15.3	-15.1	0.01	0.18	1.36	2.62	1:1.93	9.7	5.8	0.0
3.651	236.3	-----	23.88	21.85	30.3	5.8	30.2	15.3	-15.0	0.06	0.13	1.37	2.62	1:1.91	9.8	5.8	0.0
3.681	235.8	-----	24.40	22.44	30.3	5.8	30.2	15.3	-15.1	0.02	0.14	1.36	2.61	1:1.92	9.7	5.8	0.0
3.669	237.1	-----	24.79	22.59	30.3	11.2	29.9	15.3	-15.0	0.01	0.16	1.37	2.62	1:1.91	10.0	5.8	5.4
