Minute Volume (lpm)	Tidal Volume (ml)	Base Flow (lpm)	PIF (lpm)	PEF (lpm)	PIP (cmH2O)	PEEP (cmH2O)	IPP (cmH2O)	MAP (cmH2O)	Breath Rate	In. Hold (sec)	Ex. Hold (sec)	In. Time (sec)	Ex. Time (sec)	I:E Ratio	Compliance (ml/cmH2O)	Min Airway Press	Assist Press	Time
2.132	120.9	-----	18.20	15.80	30.6	14.8	30.6	23.0	-15.0	1.07	0.92	2.02	1.97	1.03:1	7.6	14.8	0.0	14:58:58
2.136	120.8	-----	18.06	15.79	30.7	14.8	30.7	23.0	-15.0	1.08	0.92	2.03	1.96	1.04:1	7.8	14.8	0.0
2.145	120.5	-----	18.55	15.67	30.7	14.8	30.6	23.0	-15.1	1.07	0.91	2.02	1.96	1.03:1	7.7	14.8	0.0
2.136	122.4	-----	18.27	15.35	30.7	14.7	30.6	23.0	-15.0	1.07	0.90	2.02	1.98	1.02:1	7.8	14.7	0.0
2.141	122.2	-----	18.24	15.70	30.7	14.8	30.7	23.0	-15.0	1.08	0.90	2.02	1.97	1.03:1	7.7	14.8	0.0
2.149	121.8	-----	18.26	15.70	30.7	14.8	30.7	23.0	-15.0	1.08	0.91	2.02	1.98	1.02:1	7.7	14.8	0.0
2.142	122.0	-----	17.88	15.67	30.7	14.8	30.7	23.0	-15.0	1.07	0.89	2.02	1.98	1.02:1	7.8	14.8	0.0
2.149	121.6	-----	18.16	15.70	30.7	14.9	30.7	23.0	-15.0	1.08	0.92	2.02	1.98	1.02:1	7.7	14.9	0.0
2.134	122.5	-----	18.36	15.30	30.7	14.8	30.6	23.0	-15.0	1.08	0.88	2.02	1.98	1.02:1	7.9	14.8	0.0
2.151	121.6	-----	18.28	15.54	30.7	14.7	30.7	23.0	-15.0	1.08	0.89	2.02	1.98	1.02:1	7.7	14.7	0.0
2.140	123.4	-----	18.43	15.86	30.7	14.7	30.7	23.0	-15.0	1.08	0.89	2.02	1.98	1.02:1	7.9	14.7	0.0
2.131	121.8	-----	18.05	15.64	30.7	14.7	30.7	23.0	-15.0	1.08	0.89	2.02	1.98	1.02:1	7.8	14.7	0.0
2.130	122.6	-----	18.10	15.57	30.7	14.9	30.7	23.0	-15.0	1.09	0.87	2.02	1.98	1.02:1	7.9	14.9	0.0
2.139	122.5	-----	18.13	15.65	30.7	14.8	30.7	23.1	-15.1	1.09	0.84	2.02	1.96	1.03:1	7.9	14.8	0.0
2.143	120.2	-----	18.21	15.60	30.7	14.8	30.7	23.0	-15.1	1.09	0.85	2.02	1.96	1.03:1	7.8	14.8	0.0
2.134	121.8	-----	18.23	15.59	30.7	14.8	30.6	23.1	-15.1	1.10	0.88	2.02	1.96	1.03:1	7.9	14.8	0.0
2.112	122.5	-----	18.00	15.70	30.7	14.8	30.7	23.0	-15.0	1.10	0.87	2.01	1.98	1.02:1	7.9	14.8	0.0
2.143	121.4	-----	17.96	15.36	30.8	14.8	30.8	23.0	-15.1	1.11	0.90	2.02	1.96	1.03:1	7.8	14.8	0.0
2.121	122.3	-----	18.47	15.60	30.7	14.9	30.7	23.0	-15.1	1.09	0.90	2.01	1.97	1.02:1	7.8	14.9	0.0
2.133	121.7	-----	17.95	15.50	30.7	14.8	30.7	23.0	-15.0	1.10	0.92	2.02	1.98	1.02:1	7.8	14.8	0.0
2.144	121.2	-----	17.86	15.64	30.7	14.8	30.7	23.0	-15.0	1.11	0.90	2.02	1.97	1.03:1	7.6	14.8	0.0
2.127	122.7	-----	18.09	15.59	30.7	14.8	30.7	23.0	-15.0	1.12	0.88	2.03	1.97	1.03:1	7.7	14.8	0.0
