Minute Volume (lpm)	Tidal Volume (ml)	Base Flow (lpm)	PIF (lpm)	PEF (lpm)	PIP (cmH2O)	PEEP (cmH2O)	IPP (cmH2O)	MAP (cmH2O)	Breath Rate	In. Hold (sec)	Ex. Hold (sec)	In. Time (sec)	Ex. Time (sec)	I:E Ratio	Compliance (ml/cmH2O)	Min Airway Press	Assist Press	Time
5.949	396.7	-----	24.92	20.87	24.9	9.6	24.7	18.0	-15.0	0.14	0.00	2.01	1.99	1.01:1	27.5	9.6	0.0	15:09:11
5.968	397.7	-----	24.92	21.42	24.9	9.5	24.7	18.0	-15.0	0.03	0.00	2.01	1.99	1.01:1	29.0	9.5	0.0
5.995	399.5	-----	24.81	21.23	24.9	9.7	24.7	18.0	-15.0	0.02	0.00	2.01	1.99	1.01:1	28.9	9.7	0.0
6.016	401.7	-----	24.64	21.28	24.9	9.7	24.6	18.0	-15.0	0.02	0.00	2.01	1.99	1.01:1	29.3	9.7	0.0
6.067	401.8	-----	24.78	21.96	24.9	9.6	24.6	18.0	-15.0	0.02	0.00	2.01	1.98	1.02:1	28.4	9.6	0.0
6.084	403.3	-----	24.81	21.96	24.8	9.6	24.5	18.0	-15.0	0.02	0.00	2.01	1.98	1.02:1	29.4	9.6	0.0
6.102	405.2	-----	24.95	21.82	24.8	9.5	24.4	18.0	-15.0	0.01	0.00	2.01	1.99	1.01:1	29.3	9.5	0.0
6.133	405.4	-----	24.95	22.39	24.8	9.6	24.4	18.0	-15.0	0.02	0.00	2.02	1.97	1.03:1	30.2	9.6	0.0
6.136	407.6	-----	24.92	22.39	24.8	9.7	24.3	18.0	-15.0	0.01	0.00	2.01	1.99	1.01:1	30.6	9.7	0.0
6.156	406.6	-----	24.67	22.10	24.8	9.6	24.4	18.0	-15.0	0.02	0.00	2.02	1.97	1.03:1	29.4	9.6	0.0
6.190	410.8	-----	24.95	22.93	24.7	9.7	24.3	18.0	-15.0	0.01	0.00	2.02	1.98	1.02:1	29.7	9.7	0.0
6.210	412.7	-----	25.07	22.50	24.7	9.6	24.2	18.0	-15.0	0.01	0.00	2.02	1.98	1.02:1	30.3	9.6	0.0
6.233	413.2	-----	25.07	22.93	24.7	9.6	24.1	18.0	-15.0	0.01	0.00	2.02	1.97	1.03:1	31.0	9.6	0.0
6.244	416.6	-----	24.81	22.53	24.7	9.7	24.1	18.0	-15.0	0.01	0.00	2.02	1.98	1.02:1	31.0	9.7	0.0
6.327	419.3	-----	24.78	22.67	24.7	9.7	24.1	18.0	-15.0	0.01	0.00	2.02	1.97	1.03:1	30.8	9.7	0.0
6.330	418.7	-----	24.81	22.67	24.7	9.7	24.2	18.0	-15.0	0.02	0.00	2.03	1.97	1.03:1	31.7	9.7	0.0
6.335	423.3	-----	24.78	22.93	24.7	9.6	24.2	18.0	-15.0	0.01	0.00	2.01	1.98	1.02:1	30.8	9.6	0.0
6.386	423.5	-----	24.95	23.07	24.8	9.6	24.3	18.0	-15.0	0.02	0.00	2.02	1.97	1.03:1	30.4	9.6	0.0
6.365	426.1	-----	25.04	23.04	24.7	9.6	24.4	17.9	-15.0	0.01	0.00	2.02	1.99	1.02:1	32.2	9.6	0.0
