Minute Volume (lpm)	Tidal Volume (ml)	Base Flow (lpm)	PIF (lpm)	PEF (lpm)	PIP (cmH2O)	PEEP (cmH2O)	IPP (cmH2O)	MAP (cmH2O)	Breath Rate	In. Hold (sec)	Ex. Hold (sec)	In. Time (sec)	Ex. Time (sec)	I:E Ratio	Compliance (ml/cmH2O)	Min Airway Press	Assist Press	Time
8.087	534.1	-----	31.47	24.15	29.9	7.0	29.6	15.8	-15.0	0.01	0.00	1.36	2.63	1:1.93	24.0	7.0	0.0	15:11:33
8.052	534.2	-----	31.88	24.15	29.9	7.0	29.4	15.8	-15.0	0.01	0.00	1.37	2.63	1:1.92	24.5	7.0	0.0
8.031	535.0	-----	31.08	24.29	29.9	7.0	29.4	15.8	-15.0	0.01	0.00	1.36	2.63	1:1.93	24.5	7.0	0.0
8.032	535.2	-----	31.47	24.29	29.9	7.0	29.7	15.8	-15.0	0.01	0.00	1.36	2.64	1:1.94	24.2	7.0	0.0
8.079	534.5	-----	31.22	24.15	29.9	7.0	29.6	15.8	-15.0	0.01	0.00	1.36	2.63	1:1.93	24.1	7.0	0.0
8.073	532.8	-----	31.36	24.15	29.9	7.0	29.4	15.8	-15.0	0.01	0.00	1.37	2.62	1:1.91	24.3	7.0	0.0
8.072	531.1	-----	31.32	25.25	29.9	7.0	29.4	15.8	-15.0	0.00	0.00	1.35	2.64	1:1.96	24.4	7.0	0.0
8.073	534.9	-----	31.32	24.15	29.9	7.0	29.5	15.8	-15.0	0.01	0.00	1.36	2.63	1:1.93	24.3	7.0	0.0
8.095	530.5	-----	31.12	24.57	29.9	7.0	29.5	15.8	-15.1	0.00	0.00	1.35	2.63	1:1.95	24.2	7.0	0.0
8.056	534.8	-----	31.61	24.15	29.9	7.0	29.7	15.8	-15.0	0.01	0.00	1.36	2.64	1:1.94	24.4	7.0	0.0
