Minute Volume (lpm)	Tidal Volume (ml)	Base Flow (lpm)	PIF (lpm)	PEF (lpm)	PIP (cmH2O)	PEEP (cmH2O)	IPP (cmH2O)	MAP (cmH2O)	Breath Rate	In. Hold (sec)	Ex. Hold (sec)	In. Time (sec)	Ex. Time (sec)	I:E Ratio	Compliance (ml/cmH2O)	Min Airway Press	Assist Press	Time
5.076	337.7	-----	28.45	16.71	30.8	14.9	30.8	22.7	-15.0	0.93	0.00	2.00	1.99	1.01:1	22.6	14.9	0.0	15:13:10
5.113	338.9	-----	28.45	16.88	30.8	14.8	30.8	22.7	-15.0	0.94	0.00	2.01	1.99	1.01:1	22.4	14.8	0.0
5.149	337.9	-----	28.56	17.18	30.9	14.7	30.9	22.7	-15.0	0.91	0.00	2.01	1.99	1.01:1	22.2	14.7	0.0
5.152	338.0	-----	28.45	17.03	30.8	14.8	30.8	22.7	-15.0	0.90	0.00	2.01	1.99	1.01:1	22.3	14.8	0.0
5.139	337.9	-----	28.67	17.01	30.9	14.7	30.9	22.7	-15.0	0.92	0.00	2.01	1.99	1.01:1	22.2	14.7	0.0
5.117	335.5	-----	28.45	17.16	30.8	14.8	30.8	22.7	-15.0	0.92	0.00	2.00	1.99	1.01:1	23.1	14.8	0.0
5.113	336.1	-----	28.70	17.09	30.8	14.7	30.8	22.7	-15.0	0.91	0.00	2.01	1.99	1.01:1	23.1	14.7	0.0
5.081	335.5	-----	28.45	16.84	30.8	14.8	30.8	22.7	-15.0	0.91	0.00	2.00	1.99	1.01:1	22.0	14.8	0.0
5.090	334.8	-----	28.06	16.84	30.8	14.8	30.8	22.7	-15.0	0.93	0.00	2.00	1.99	1.01:1	21.8	14.8	0.0
5.049	334.2	-----	28.31	16.61	30.8	14.9	30.8	22.7	-15.0	0.93	0.00	2.01	1.99	1.01:1	23.0	14.9	0.0
5.074	332.7	-----	28.17	16.65	30.8	14.8	30.8	22.7	-15.1	0.92	0.00	1.99	1.99	1:1.00	22.7	14.8	0.0
5.076	333.4	-----	28.56	16.69	30.8	14.8	30.8	22.7	-15.0	0.94	0.00	2.01	1.99	1.01:1	22.8	14.8	0.0
5.085	333.0	-----	27.92	16.54	30.9	14.9	30.8	22.7	-15.0	0.94	0.00	2.00	1.99	1.01:1	21.9	14.9	0.0
5.059	332.4	-----	28.02	16.67	30.8	14.9	30.8	22.7	-15.0	0.95	0.00	2.01	1.99	1.01:1	22.0	14.9	0.0
5.044	332.3	-----	28.56	16.75	30.9	14.9	30.9	22.7	-15.0	0.94	0.00	2.01	1.99	1.01:1	21.7	14.9	0.0
5.066	330.9	-----	28.56	16.61	30.8	14.8	30.8	22.7	-15.0	0.92	0.00	2.00	1.99	1.01:1	21.7	14.8	0.0
5.037	330.7	-----	28.70	16.56	30.9	14.9	30.9	22.7	-15.0	0.93	0.00	2.01	1.99	1.01:1	21.4	14.9	0.0
5.026	330.6	-----	27.88	16.62	30.9	14.9	30.9	22.7	-15.0	0.93	0.00	2.01	1.99	1.01:1	22.1	14.9	0.0
5.058	329.4	-----	27.88	16.48	30.9	14.9	30.9	22.7	-15.0	0.94	0.00	2.01	1.98	1.02:1	21.5	14.9	0.0
5.019	330.2	-----	28.53	16.59	30.9	14.9	30.9	22.7	-15.0	0.94	0.00	2.01	1.99	1.01:1	21.5	14.9	0.0
5.029	329.0	-----	28.45	16.50	30.8	14.9	30.8	22.7	-15.0	0.93	0.00	2.01	1.99	1.01:1	21.6	14.9	0.0
5.039	327.4	-----	28.56	16.60	30.9	14.9	30.9	22.7	-15.0	0.93	0.00	2.01	1.98	1.02:1	21.3	14.9	0.0
5.017	328.6	-----	28.31	16.55	30.9	14.8	30.9	22.7	-15.0	0.96	0.00	2.01	1.99	1.01:1	21.4	14.8	0.0
4.959	327.9	-----	28.06	16.61	30.9	14.9	30.9	22.7	-15.0	0.96	0.00	2.01	1.99	1.01:1	21.8	14.9	0.0
5.006	326.2	-----	28.17	16.50	30.8	14.8	30.8	22.7	-15.0	0.97	0.00	2.01	1.98	1.02:1	22.4	14.8	0.0
4.989	327.4	-----	28.27	16.55	30.9	14.9	30.9	22.7	-15.0	0.96	0.00	2.01	1.99	1.01:1	22.4	14.9	0.0
4.971	328.0	-----	28.13	16.66	30.9	14.9	30.9	22.7	-15.0	0.96	0.00	2.01	1.99	1.01:1	22.4	14.9	0.0
4.942	327.1	-----	28.56	16.45	30.9	14.8	30.9	22.7	-15.0	0.96	0.00	2.00	1.99	1.01:1	21.3	14.8	0.0
4.980	327.0	-----	27.88	16.80	30.9	14.8	30.9	22.7	-15.0	0.96	0.00	2.01	1.98	1.02:1	21.2	14.8	0.0
4.942	325.1	-----	27.78	16.33	30.8	14.9	30.8	22.7	-15.0	0.97	0.00	2.01	1.98	1.02:1	21.5	14.9	0.0
4.959	326.3	-----	28.53	16.36	30.9	14.9	30.9	22.7	-15.0	0.98	0.00	2.01	1.99	1.01:1	21.3	14.9	0.0
4.945	326.0	-----	28.17	16.42	30.9	14.9	30.9	22.7	-15.0	0.96	0.00	2.00	1.99	1.01:1	21.3	14.9	0.0
4.954	324.4	-----	28.17	16.73	30.9	14.9	30.9	22.7	-15.0	0.95	0.00	2.01	1.99	1.01:1	21.9	14.9	0.0
4.957	324.5	-----	27.92	16.36	30.9	14.9	30.9	22.7	-15.0	0.98	0.00	2.01	1.98	1.02:1	21.2	14.9	0.0
4.942	324.4	-----	28.27	16.36	30.9	14.9	30.9	22.7	-15.0	0.96	0.00	2.01	1.99	1.01:1	21.2	14.9	0.0
4.956	325.0	-----	28.02	16.27	30.9	14.8	30.9	22.7	-15.0	0.95	0.00	2.01	1.99	1.01:1	21.2	14.8	0.0
4.954	324.6	-----	28.67	16.73	30.9	14.9	30.8	22.7	-15.0	0.98	0.00	2.01	1.99	1.01:1	21.3	14.9	0.0
4.939	325.0	-----	28.13	16.40	30.8	14.9	30.8	22.7	-15.0	0.97	0.00	2.01	1.99	1.01:1	21.2	14.9	0.0
4.936	323.5	-----	28.17	16.42	30.9	14.9	30.9	22.7	-15.0	0.97	0.00	2.01	1.99	1.01:1	21.1	14.9	0.0
4.897	323.2	-----	28.06	16.56	30.8	14.9	30.8	22.7	-15.0	0.97	0.00	2.00	1.99	1.01:1	21.2	14.9	0.0
4.905	322.9	-----	28.13	16.40	30.9	14.9	30.8	22.7	-15.0	0.98	0.00	2.01	1.99	1.01:1	21.8	14.9	0.0
4.944	320.9	-----	27.92	16.45	30.9	14.8	30.9	22.7	-15.1	0.98	0.00	2.01	1.97	1.02:1	20.9	14.8	0.0
4.881	322.0	-----	27.92	16.33	30.9	14.9	30.9	22.6	-15.0	0.96	0.00	2.01	1.99	1.01:1	21.4	14.9	0.0
4.926	320.4	-----	28.13	16.33	30.9	14.9	30.9	22.7	-15.0	0.96	0.00	2.01	1.98	1.02:1	20.9	14.9	0.0
