Minute Volume (lpm)	Tidal Volume (ml)	Base Flow (lpm)	PIF (lpm)	PEF (lpm)	PIP (cmH2O)	PEEP (cmH2O)	IPP (cmH2O)	MAP (cmH2O)	Breath Rate	In. Hold (sec)	Ex. Hold (sec)	In. Time (sec)	Ex. Time (sec)	I:E Ratio	Compliance (ml/cmH2O)	Min Airway Press	Assist Press	Time
4.801	318.9	-----	27.37	15.45	30.6	14.9	30.6	22.7	-15.0	1.06	0.00	2.01	1.99	1.01:1	22.1	14.9	0.0	15:17:06
4.873	319.0	-----	27.76	15.67	30.7	14.9	30.7	22.7	-15.0	1.06	0.00	2.01	1.98	1.02:1	20.9	14.9	0.0
4.845	318.7	-----	27.37	15.69	30.7	14.9	30.7	22.7	-15.0	1.07	0.00	2.02	1.98	1.02:1	21.1	14.9	0.0
4.803	319.5	-----	27.63	15.79	30.7	14.9	30.7	22.7	-15.0	1.07	0.00	2.01	1.98	1.02:1	21.1	14.9	0.0
4.803	318.8	-----	27.63	15.44	30.7	14.9	30.6	22.7	-15.0	1.06	0.00	2.01	1.99	1.01:1	21.8	14.9	0.0
4.830	318.2	-----	27.63	15.52	30.7	14.9	30.7	22.7	-15.0	1.07	0.00	2.02	1.98	1.02:1	21.7	14.9	0.0
4.824	318.1	-----	27.63	15.72	30.7	14.9	30.7	22.7	-15.0	1.07	0.00	2.02	1.98	1.02:1	21.7	14.9	0.0
4.812	318.2	-----	27.23	15.60	30.7	14.9	30.7	22.7	-15.0	1.07	0.00	2.02	1.98	1.02:1	21.7	14.9	0.0
4.806	318.0	-----	27.37	15.56	30.7	14.9	30.7	22.7	-15.0	1.07	0.00	2.02	1.98	1.02:1	21.6	14.9	0.0
4.796	317.2	-----	27.01	15.76	30.7	14.9	30.7	22.7	-15.1	1.07	0.00	2.01	1.97	1.02:1	21.0	14.9	0.0
4.812	317.2	-----	27.37	15.79	30.7	14.9	30.7	22.7	-15.0	1.07	0.00	2.02	1.98	1.02:1	21.5	14.9	0.0
4.840	316.0	-----	27.63	15.72	30.7	14.9	30.6	22.7	-15.1	1.08	0.00	2.02	1.96	1.03:1	21.0	14.9	0.0
4.809	316.4	-----	27.23	15.60	30.7	14.9	30.7	22.7	-15.0	1.07	0.00	2.02	1.98	1.02:1	20.9	14.9	0.0
4.764	317.2	-----	27.63	15.69	30.7	14.9	30.7	22.7	-15.0	1.08	0.00	2.02	1.98	1.02:1	21.5	14.9	0.0
4.825	315.9	-----	27.09	15.52	30.6	14.9	30.6	22.7	-15.0	1.08	0.00	2.02	1.97	1.03:1	20.9	14.9	0.0
4.784	317.3	-----	27.23	15.81	30.7	14.8	30.7	22.7	-15.0	1.07	0.00	2.01	1.98	1.02:1	21.0	14.8	0.0
4.797	316.4	-----	27.27	15.61	30.7	14.9	30.7	22.7	-15.0	1.07	0.00	2.02	1.98	1.02:1	21.5	14.9	0.0
4.766	316.2	-----	27.49	15.67	30.7	14.9	30.7	22.7	-15.0	1.08	0.00	2.01	1.98	1.02:1	20.8	14.9	0.0
4.813	314.6	-----	27.23	15.74	30.7	14.9	30.7	22.7	-15.0	1.08	0.00	2.02	1.97	1.03:1	21.2	14.9	0.0
4.804	316.4	-----	27.23	15.67	30.7	14.9	30.7	22.7	-15.0	1.08	0.00	2.02	1.98	1.02:1	21.3	14.9	0.0
4.789	315.7	-----	27.49	15.71	30.7	14.9	30.6	22.7	-15.0	1.08	0.00	2.02	1.98	1.02:1	21.3	14.9	0.0
