Minute Volume (lpm)	Tidal Volume (ml)	Base Flow (lpm)	PIF (lpm)	PEF (lpm)	PIP (cmH2O)	PEEP (cmH2O)	IPP (cmH2O)	MAP (cmH2O)	Breath Rate	In. Hold (sec)	Ex. Hold (sec)	In. Time (sec)	Ex. Time (sec)	I:E Ratio	Compliance (ml/cmH2O)	Min Airway Press	Assist Press	Time
2.017	126.7	-----	21.44	17.21	30.3	15.0	30.2	22.8	-15.0	1.26	0.98	2.01	1.99	1.01:1	8.5	15.0	0.0	15:03:24
1.955	123.9	-----	21.75	17.02	30.3	15.0	30.3	22.8	-15.1	1.25	0.99	2.00	1.98	1.01:1	8.0	15.0	0.0
2.022	125.1	-----	21.76	17.23	30.3	14.8	30.3	22.8	-15.0	1.24	1.00	2.02	1.98	1.02:1	8.1	14.8	0.0
2.016	125.0	-----	21.71	17.31	30.3	14.9	30.2	22.8	-15.0	1.24	1.00	2.02	1.98	1.02:1	8.2	14.9	0.0
2.024	125.6	-----	21.77	17.49	30.3	15.0	30.3	22.8	-15.0	1.25	0.97	2.02	1.97	1.03:1	8.3	15.0	0.0
1.997	124.6	-----	21.56	17.33	30.3	14.9	30.3	22.8	-15.1	1.24	0.98	2.00	1.98	1.01:1	8.2	14.9	0.0
2.009	124.8	-----	21.51	17.18	30.3	15.0	30.3	22.8	-15.0	1.25	0.99	2.01	1.98	1.02:1	8.2	15.0	0.0
2.004	125.3	-----	21.58	17.08	30.3	15.0	30.2	22.8	-15.0	1.24	0.99	2.02	1.99	1.02:1	8.4	15.0	0.0
2.013	125.7	-----	21.47	17.16	30.3	15.0	30.2	22.8	-15.0	1.23	0.99	2.01	1.98	1.02:1	8.2	15.0	0.0
1.978	124.7	-----	21.50	16.96	30.3	14.9	30.3	22.7	-15.0	1.25	1.00	2.01	1.99	1.01:1	8.3	14.9	0.0
