Minute Volume (lpm)	Tidal Volume (ml)	Base Flow (lpm)	PIF (lpm)	PEF (lpm)	PIP (cmH2O)	PEEP (cmH2O)	IPP (cmH2O)	MAP (cmH2O)	Breath Rate	In. Hold (sec)	Ex. Hold (sec)	In. Time (sec)	Ex. Time (sec)	I:E Ratio	Compliance (ml/cmH2O)	Min Airway Press	Assist Press	Time
3.895	248.1	-----	30.16	32.13	30.4	4.9	30.3	13.8	-15.2	0.40	1.16	1.34	2.62	1:1.96	9.7	4.9	0.0	15:05:07
3.881	248.6	-----	31.26	32.20	30.4	7.5	30.4	13.7	-15.0	0.41	1.20	1.34	2.65	1:1.98	9.9	4.8	2.7
3.888	248.7	-----	30.85	32.09	30.4	4.9	30.3	13.7	-15.0	0.41	1.18	1.34	2.66	1:1.99	10.0	4.9	0.0
3.893	248.4	-----	31.26	31.84	30.3	7.3	30.3	13.8	-15.2	0.41	1.14	1.33	2.62	1:1.97	9.8	4.9	2.4
3.915	247.5	-----	30.30	31.75	30.3	4.9	30.3	13.7	-15.1	0.41	1.16	1.34	2.63	1:1.96	9.7	4.9	0.0
3.900	247.4	-----	30.71	31.95	30.3	4.8	30.3	13.7	-15.1	0.42	1.19	1.34	2.64	1:1.97	9.7	4.8	0.0
3.882	248.4	-----	30.98	32.00	30.4	4.8	30.4	13.7	-15.0	0.42	1.18	1.34	2.66	1:1.99	9.8	4.8	0.0
3.932	246.3	-----	30.26	31.32	30.3	4.9	30.3	13.8	-15.2	0.42	1.12	1.34	2.61	1:1.95	9.8	4.9	0.0
3.880	249.2	-----	30.71	31.95	30.3	4.9	30.3	13.7	-15.0	0.42	1.19	1.34	2.66	1:1.99	10.0	4.9	0.0
3.907	248.3	-----	31.26	32.00	30.4	4.8	30.4	13.8	-15.2	0.41	1.16	1.33	2.63	1:1.98	9.7	4.8	0.0
3.899	246.9	-----	30.98	31.45	30.5	4.8	30.5	13.7	-15.0	0.41	1.19	1.34	2.65	1:1.98	9.7	4.8	0.0
3.931	248.3	-----	30.98	31.53	30.3	4.9	30.3	13.8	-15.2	0.42	1.10	1.34	2.61	1:1.95	9.7	4.9	0.0
3.876	247.5	-----	30.57	31.75	30.5	7.4	30.4	13.7	-15.0	0.41	1.17	1.34	2.65	1:1.98	9.7	4.8	2.6
