Minute Volume (lpm)	Tidal Volume (ml)	Base Flow (lpm)	PIF (lpm)	PEF (lpm)	PIP (cmH2O)	PEEP (cmH2O)	IPP (cmH2O)	MAP (cmH2O)	Breath Rate	In. Hold (sec)	Ex. Hold (sec)	In. Time (sec)	Ex. Time (sec)	I:E Ratio	Compliance (ml/cmH2O)	Min Airway Press	Assist Press	Time
0.310	10.7	-----	5.57	2.84	7.8	5.7	7.8	6.2	-15.0	0.91	2.28	1.38	2.62	1:1.90	3.3	4.5	1.2	14:11:32
0.294	10.2	-----	5.20	3.02	7.9	5.8	7.9	6.3	-15.1	0.90	2.28	1.36	2.61	1:1.92	3.0	4.6	1.2
0.283	9.5	-----	5.28	2.83	7.9	5.8	7.9	6.3	-15.0	0.92	2.31	1.38	2.62	1:1.90	2.9	4.6	1.2
0.275	9.3	-----	4.98	2.80	7.9	5.8	7.9	6.3	-15.1	0.93	2.29	1.37	2.60	1:1.90	2.9	4.6	1.2
0.276	9.3	-----	5.20	2.81	7.9	5.9	7.9	6.3	-15.1	0.94	2.27	1.39	2.58	1:1.86	2.9	4.6	1.3
0.274	9.9	-----	4.92	3.01	7.8	5.8	7.8	6.4	-15.1	0.95	2.27	1.39	2.59	1:1.86	3.1	4.6	1.2
0.277	9.9	-----	4.85	2.93	7.9	5.8	7.9	6.3	-15.1	0.94	2.28	1.38	2.60	1:1.88	3.0	4.6	1.2
0.284	10.1	-----	5.14	2.87	7.9	5.8	7.9	6.3	-15.0	0.91	2.28	1.38	2.61	1:1.89	3.1	4.6	1.2
0.273	9.7	-----	5.14	2.85	7.9	5.8	7.9	6.3	-15.0	0.93	2.29	1.38	2.61	1:1.89	2.9	4.6	1.2
0.277	9.3	-----	5.49	2.73	7.8	5.9	7.8	6.3	-15.0	0.93	2.31	1.38	2.62	1:1.90	3.0	4.6	1.3
0.278	9.6	-----	5.35	2.59	7.9	5.8	7.9	6.3	-15.0	0.93	2.29	1.38	2.61	1:1.89	2.9	4.6	1.2
0.279	9.6	-----	4.82	2.84	7.9	5.9	7.9	6.3	-15.0	0.93	2.29	1.39	2.61	1:1.88	3.0	4.6	1.3
0.275	9.9	-----	4.98	2.88	7.9	5.8	7.9	6.3	-15.0	0.93	2.28	1.38	2.61	1:1.89	3.0	4.6	1.2
0.276	9.6	-----	5.21	2.80	7.8	5.9	7.8	6.3	-15.0	0.94	2.29	1.38	2.61	1:1.89	3.0	4.6	1.3
0.278	9.4	-----	5.16	2.85	7.9	5.9	7.9	6.3	-15.0	0.93	2.30	1.38	2.61	1:1.89	2.8	4.5	1.4
0.278	9.5	-----	4.89	2.77	7.9	5.8	7.9	6.3	-15.0	0.93	2.28	1.39	2.60	1:1.87	2.9	4.6	1.2
0.279	9.3	-----	4.89	2.77	7.9	5.9	7.9	6.3	-15.0	0.92	2.31	1.38	2.62	1:1.90	2.9	4.6	1.3
