Minute Volume (lpm)	Tidal Volume (ml)	Base Flow (lpm)	PIF (lpm)	PEF (lpm)	PIP (cmH2O)	PEEP (cmH2O)	IPP (cmH2O)	MAP (cmH2O)	Breath Rate	In. Hold (sec)	Ex. Hold (sec)	In. Time (sec)	Ex. Time (sec)	I:E Ratio	Compliance (ml/cmH2O)	Min Airway Press	Assist Press	Time
4.727	294.1	-----	29.78	38.01	27.1	4.5	26.7	13.2	-15.1	0.01	0.88	1.37	2.61	1:1.91	13.3	4.5	0.0	14:13:45
4.762	295.9	-----	30.05	38.68	27.0	4.4	26.5	13.1	-15.0	0.00	0.92	1.36	2.63	1:1.93	13.5	4.4	0.0
4.830	297.8	-----	29.88	38.68	27.0	4.3	26.7	13.1	-15.2	0.01	0.92	1.37	2.59	1:1.89	13.3	4.3	0.0
4.821	299.4	-----	30.60	38.68	26.9	4.3	26.4	13.0	-15.0	0.00	0.95	1.36	2.63	1:1.93	13.6	4.3	0.0
4.818	300.6	-----	29.49	38.68	26.9	9.3	26.6	13.0	-15.0	0.01	0.95	1.37	2.63	1:1.92	13.6	4.3	5.0
4.819	302.1	-----	29.78	39.04	26.9	9.3	26.5	13.0	-15.1	0.01	0.92	1.36	2.62	1:1.93	13.8	4.4	4.9
4.873	302.4	-----	30.60	38.82	26.9	9.3	26.4	13.0	-15.1	0.01	0.94	1.37	2.61	1:1.91	13.8	4.3	5.0
4.858	304.2	-----	30.33	38.96	26.9	4.4	26.3	13.0	-15.1	0.01	0.91	1.37	2.60	1:1.90	13.9	4.4	0.0
4.890	304.0	-----	30.47	38.82	26.9	4.4	26.2	13.0	-15.0	0.01	0.93	1.38	2.61	1:1.89	14.0	4.4	0.0
4.887	304.9	-----	29.88	39.06	26.8	9.2	26.3	13.0	-15.0	0.01	0.96	1.37	2.63	1:1.92	14.1	4.4	4.8
4.946	305.8	-----	30.74	39.34	26.8	9.2	26.1	13.1	-15.1	0.01	0.93	1.37	2.60	1:1.90	14.1	4.4	4.8
4.921	306.2	-----	30.05	39.06	26.8	4.4	26.0	13.0	-15.0	0.01	0.93	1.38	2.61	1:1.89	14.3	4.4	0.0
4.933	306.8	-----	30.19	39.58	26.8	4.4	26.0	13.0	-15.0	0.01	0.95	1.37	2.62	1:1.91	14.4	4.4	0.0
4.947	307.9	-----	30.19	39.20	26.7	9.2	25.9	13.0	-15.0	0.01	0.95	1.37	2.62	1:1.91	14.4	4.3	4.9
4.957	308.8	-----	29.92	39.34	26.7	9.2	25.7	13.0	-15.0	0.00	0.93	1.36	2.63	1:1.93	14.7	4.4	4.8
4.968	306.6	-----	30.47	39.58	26.7	9.2	25.5	13.0	-15.0	0.00	0.93	1.36	2.63	1:1.93	14.7	4.4	4.8
