Minute Volume (lpm)	Tidal Volume (ml)	Base Flow (lpm)	PIF (lpm)	PEF (lpm)	PIP (cmH2O)	PEEP (cmH2O)	IPP (cmH2O)	MAP (cmH2O)	Breath Rate	In. Hold (sec)	Ex. Hold (sec)	In. Time (sec)	Ex. Time (sec)	I:E Ratio	Compliance (ml/cmH2O)	Min Airway Press	Assist Press	Time
1.900	105.0	-----	18.87	19.06	18.3	6.4	18.3	9.4	-15.0	0.04	1.55	1.35	2.64	1:1.96	7.5	4.1	2.3	14:15:15
1.863	103.1	-----	18.30	18.65	18.3	6.5	18.3	9.5	-15.0	0.08	1.54	1.36	2.63	1:1.93	7.4	4.3	2.2
1.819	101.3	-----	17.83	18.10	18.3	6.6	18.3	9.6	-15.0	0.13	1.54	1.35	2.64	1:1.96	7.3	4.4	2.2
1.809	100.4	-----	17.60	17.99	18.3	6.7	18.3	9.6	-15.1	0.13	1.54	1.35	2.63	1:1.95	7.3	4.4	2.3
1.807	100.3	-----	17.77	18.14	18.4	6.7	18.3	9.6	-15.1	0.12	1.53	1.36	2.62	1:1.93	7.3	4.4	2.3
1.813	100.8	-----	17.49	17.99	18.5	6.7	18.4	9.6	-15.0	0.07	1.55	1.36	2.64	1:1.94	7.3	4.4	2.3
1.809	98.4	-----	17.66	17.88	18.5	6.7	18.5	9.6	-15.0	0.08	1.57	1.36	2.63	1:1.93	7.1	4.5	2.2
1.825	100.1	-----	17.73	17.92	18.5	4.4	18.5	9.7	-15.1	0.05	1.53	1.36	2.61	1:1.92	7.2	4.4	0.0
1.785	99.6	-----	17.55	17.83	18.3	6.7	18.3	9.6	-15.0	0.12	1.55	1.36	2.64	1:1.94	7.2	4.4	2.3
1.819	100.1	-----	18.55	18.03	18.5	6.8	18.5	9.7	-15.0	0.04	1.56	1.36	2.64	1:1.94	7.2	4.5	2.3
1.812	99.9	-----	17.78	18.02	18.5	4.4	18.5	9.7	-15.0	0.05	1.56	1.36	2.63	1:1.93	7.1	4.4	0.0
