Minute Volume (lpm)	Tidal Volume (ml)	Base Flow (lpm)	PIF (lpm)	PEF (lpm)	PIP (cmH2O)	PEEP (cmH2O)	IPP (cmH2O)	MAP (cmH2O)	Breath Rate	In. Hold (sec)	Ex. Hold (sec)	In. Time (sec)	Ex. Time (sec)	I:E Ratio	Compliance (ml/cmH2O)	Min Airway Press	Assist Press	Time
6.762	424.7	-----	40.28	37.45	35.0	7.2	34.7	12.0	-15.0	0.01	1.31	0.83	3.16	1:3.81	14.2	4.6	2.6	14:17:31
6.661	425.2	-----	40.44	36.93	34.9	4.5	34.4	11.8	-15.1	0.00	1.29	0.80	3.18	1:3.98	14.3	4.5	0.0
6.800	423.8	-----	40.57	37.45	35.1	7.1	34.9	11.9	-15.1	0.01	1.30	0.83	3.15	1:3.80	13.9	4.4	2.7
6.774	424.7	-----	40.62	36.94	34.9	4.4	34.6	11.9	-15.0	0.01	1.30	0.83	3.16	1:3.81	14.2	4.4	0.0
6.796	424.3	-----	40.62	37.58	34.9	7.1	34.7	11.9	-15.1	0.01	1.29	0.82	3.15	1:3.84	14.1	4.4	2.7
6.786	424.8	-----	40.62	37.45	35.1	7.2	34.8	11.9	-15.0	0.01	1.32	0.83	3.16	1:3.81	14.1	4.5	2.7
6.780	425.1	-----	40.44	37.07	35.1	4.4	34.6	11.9	-15.0	0.00	1.30	0.81	3.18	1:3.93	14.2	4.4	0.0
6.743	425.4	-----	40.81	36.80	35.0	4.5	34.5	11.9	-15.1	0.00	1.29	0.80	3.17	1:3.96	14.2	4.5	0.0
6.785	424.9	-----	40.76	36.80	35.0	7.2	34.7	11.8	-15.1	0.01	1.29	0.83	3.15	1:3.80	14.0	4.4	2.8
6.771	424.2	-----	40.38	36.55	34.9	4.5	34.5	11.8	-15.0	0.00	1.31	0.81	3.18	1:3.93	14.2	4.5	0.0
6.805	425.2	-----	40.81	36.55	35.0	4.4	34.8	11.9	-15.1	0.01	1.27	0.82	3.15	1:3.84	14.0	4.4	0.0
6.738	424.9	-----	40.89	36.80	35.0	7.1	34.8	11.8	-15.1	0.01	1.29	0.82	3.16	1:3.85	14.1	4.5	2.6
6.792	425.4	-----	40.89	36.55	35.0	4.5	34.8	11.9	-15.1	0.01	1.28	0.82	3.16	1:3.85	14.1	4.5	0.0
6.788	423.4	-----	40.76	36.93	34.8	4.5	34.6	11.8	-15.1	0.01	1.28	0.82	3.15	1:3.84	14.1	4.5	0.0
