Minute Volume (lpm)	Tidal Volume (ml)	Base Flow (lpm)	PIF (lpm)	PEF (lpm)	PIP (cmH2O)	PEEP (cmH2O)	IPP (cmH2O)	MAP (cmH2O)	Breath Rate	In. Hold (sec)	Ex. Hold (sec)	In. Time (sec)	Ex. Time (sec)	I:E Ratio	Compliance (ml/cmH2O)	Min Airway Press	Assist Press	Time
4.664	292.9	-----	26.92	30.86	26.4	9.5	25.9	13.3	-15.1	0.01	0.56	1.37	2.61	1:1.91	13.9	4.6	4.9	14:19:53
4.629	303.6	-----	26.92	33.21	26.4	9.2	25.9	13.0	-15.1	0.01	0.64	1.37	2.61	1:1.91	14.2	4.3	4.9
4.618	304.6	-----	26.02	33.46	26.4	4.3	25.8	13.0	-15.0	0.01	0.68	1.37	2.62	1:1.91	14.3	4.3	0.0
4.656	304.7	-----	26.92	33.32	26.4	9.1	25.9	13.1	-15.2	0.01	0.64	1.36	2.60	1:1.91	14.1	4.3	4.8
4.623	304.3	-----	27.05	33.56	26.3	9.1	25.9	13.0	-15.0	0.01	0.70	1.37	2.63	1:1.92	14.1	4.3	4.8
4.628	304.5	-----	26.39	33.67	26.3	9.2	25.8	13.0	-15.0	0.01	0.68	1.37	2.62	1:1.91	14.3	4.3	4.9
4.611	305.2	-----	26.66	33.57	26.3	9.2	25.8	13.0	-15.1	0.01	0.66	1.36	2.62	1:1.93	14.3	4.3	4.9
4.643	302.5	-----	26.27	33.28	26.2	4.3	25.7	13.0	-15.1	0.01	0.67	1.37	2.61	1:1.91	14.3	4.3	0.0
4.649	305.1	-----	26.53	33.57	26.3	9.1	25.8	13.1	-15.1	0.01	0.66	1.37	2.61	1:1.91	14.2	4.3	4.8
4.643	305.3	-----	26.14	33.71	26.3	9.2	25.9	13.0	-15.0	0.01	0.67	1.37	2.62	1:1.91	14.2	4.3	4.9
4.646	305.2	-----	27.31	33.28	26.2	9.2	25.8	13.0	-15.0	0.01	0.66	1.37	2.62	1:1.91	14.3	4.3	4.9
4.648	305.5	-----	26.66	33.56	26.2	9.2	25.8	13.0	-15.0	0.01	0.67	1.37	2.62	1:1.91	14.4	4.3	4.9
4.680	303.3	-----	26.78	33.32	26.2	9.1	25.7	13.1	-15.2	0.01	0.63	1.37	2.59	1:1.89	14.3	4.3	4.8
