Minute Volume (lpm)	Tidal Volume (ml)	Base Flow (lpm)	PIF (lpm)	PEF (lpm)	PIP (cmH2O)	PEEP (cmH2O)	IPP (cmH2O)	MAP (cmH2O)	Breath Rate	In. Hold (sec)	Ex. Hold (sec)	In. Time (sec)	Ex. Time (sec)	I:E Ratio	Compliance (ml/cmH2O)	Min Airway Press	Assist Press	Time
1.798	103.2	-----	16.52	15.37	18.1	6.9	18.0	9.5	-15.1	0.03	1.32	1.37	2.61	1:1.91	7.5	4.0	2.9	14:21:19
1.768	101.5	-----	16.52	15.13	18.1	7.0	18.1	9.7	-15.1	0.04	1.31	1.37	2.60	1:1.90	7.4	4.2	2.8
1.745	99.9	-----	16.05	14.89	18.1	7.2	18.1	9.7	-15.1	0.04	1.34	1.37	2.61	1:1.91	7.3	4.3	2.9
1.742	99.3	-----	15.76	14.55	18.1	7.3	18.1	9.8	-15.2	0.04	1.30	1.37	2.58	1:1.88	7.3	4.4	2.9
1.721	98.8	-----	15.76	14.47	18.2	7.3	18.2	9.8	-15.1	0.04	1.32	1.38	2.60	1:1.88	7.2	4.3	3.0
1.712	98.5	-----	15.48	14.51	18.2	7.4	18.2	9.8	-15.1	0.04	1.32	1.37	2.60	1:1.90	7.1	4.4	3.0
1.715	98.3	-----	15.47	14.45	18.2	7.3	18.2	9.8	-15.1	0.05	1.31	1.38	2.59	1:1.88	7.1	4.4	2.9
1.670	98.1	-----	15.51	14.16	18.2	7.3	18.2	9.8	-15.1	0.04	1.34	1.36	2.62	1:1.93	7.2	4.4	2.9
1.702	98.1	-----	15.54	14.34	18.2	7.3	18.2	9.8	-15.1	0.04	1.34	1.37	2.61	1:1.91	7.1	4.4	2.9
1.709	97.6	-----	15.45	14.36	18.2	7.4	18.2	9.8	-15.1	0.05	1.32	1.38	2.59	1:1.88	7.1	4.4	3.0
1.689	98.3	-----	15.32	14.36	18.2	7.3	18.2	9.7	-15.0	0.05	1.34	1.38	2.62	1:1.90	7.2	4.4	2.9
1.700	97.7	-----	15.33	14.28	18.2	7.3	18.2	9.8	-15.1	0.04	1.31	1.37	2.60	1:1.90	7.1	4.4	2.9
1.695	97.7	-----	15.30	14.16	18.2	7.4	18.2	9.8	-15.1	0.04	1.32	1.38	2.60	1:1.88	7.1	4.3	3.1
1.660	97.4	-----	15.63	14.33	18.2	7.4	18.2	9.8	-15.1	0.04	1.33	1.36	2.61	1:1.92	7.1	4.4	3.0
