Minute Volume (lpm)	Tidal Volume (ml)	Base Flow (lpm)	PIF (lpm)	PEF (lpm)	PIP (cmH2O)	PEEP (cmH2O)	IPP (cmH2O)	MAP (cmH2O)	Breath Rate	In. Hold (sec)	Ex. Hold (sec)	In. Time (sec)	Ex. Time (sec)	I:E Ratio	Compliance (ml/cmH2O)	Min Airway Press	Assist Press	Time
6.463	430.0	-----	36.46	35.55	33.9	4.6	33.5	12.4	-15.0	0.01	1.04	0.88	3.11	1:3.53	14.8	4.6	0.0	14:23:43
6.448	429.8	-----	36.65	35.55	33.9	4.5	33.6	12.3	-15.0	0.01	1.05	0.88	3.12	1:3.55	14.9	4.5	0.0
6.482	429.5	-----	36.65	35.42	33.7	4.4	33.5	12.3	-15.1	0.01	1.04	0.87	3.11	1:3.57	14.9	4.4	0.0
6.478	430.1	-----	36.70	35.60	33.9	4.4	33.5	12.3	-15.0	0.00	1.05	0.86	3.13	1:3.64	14.9	4.4	0.0
6.513	430.4	-----	36.70	35.94	34.0	8.3	33.7	12.4	-15.1	0.01	1.03	0.87	3.10	1:3.56	14.7	4.4	3.9
6.479	429.9	-----	36.79	35.80	33.8	8.4	33.4	12.3	-15.0	0.00	1.05	0.86	3.13	1:3.64	14.9	4.4	4.0
6.439	430.3	-----	36.79	35.46	33.8	4.3	33.5	12.2	-15.0	0.00	1.06	0.85	3.14	1:3.69	14.9	4.3	0.0
6.477	427.3	-----	36.79	35.69	33.7	4.4	33.5	12.2	-15.1	0.01	1.05	0.87	3.11	1:3.57	14.8	4.4	0.0
6.500	428.4	-----	36.55	36.08	33.8	8.2	33.5	12.3	-15.1	0.01	1.03	0.87	3.10	1:3.56	14.8	4.5	3.7
6.466	430.5	-----	36.57	35.80	33.9	8.3	33.7	12.2	-15.0	0.01	1.03	0.87	3.13	1:3.60	14.8	4.5	3.8
