Minute Volume (lpm)	Tidal Volume (ml)	Base Flow (lpm)	PIF (lpm)	PEF (lpm)	PIP (cmH2O)	PEEP (cmH2O)	IPP (cmH2O)	MAP (cmH2O)	Breath Rate	In. Hold (sec)	Ex. Hold (sec)	In. Time (sec)	Ex. Time (sec)	I:E Ratio	Compliance (ml/cmH2O)	Min Airway Press	Assist Press	Time
9.600	637.0	-----	35.93	30.55	27.5	4.6	25.9	14.0	-15.0	0.01	0.00	1.38	2.61	1:1.89	30.7	4.6	0.0	12:34:25
9.601	637.3	-----	35.83	30.43	27.5	4.6	25.9	14.0	-15.0	0.01	0.00	1.38	2.61	1:1.89	30.7	4.6	0.0
9.606	635.5	-----	35.93	30.43	27.5	4.6	26.0	14.0	-15.0	0.01	0.00	1.38	2.61	1:1.89	30.7	4.6	0.0
9.587	638.9	-----	35.83	30.43	27.5	4.6	25.6	14.0	-15.0	0.00	0.00	1.36	2.63	1:1.93	31.3	4.6	0.0
9.613	639.8	-----	35.83	30.69	27.5	4.5	26.1	14.0	-15.0	0.01	0.00	1.38	2.61	1:1.89	29.8	4.5	0.0
9.621	638.4	-----	35.83	30.43	27.5	4.6	25.9	14.0	-15.0	0.00	0.00	1.37	2.62	1:1.91	30.1	4.6	0.0
9.630	634.5	-----	35.92	30.43	27.5	4.6	25.9	14.0	-15.0	0.00	0.00	1.37	2.62	1:1.91	30.8	4.6	0.0
9.645	633.5	-----	35.93	30.43	27.6	4.6	26.1	14.0	-15.1	0.01	0.00	1.38	2.60	1:1.88	30.3	4.6	0.0
9.601	640.2	-----	35.93	30.43	27.6	4.6	26.2	14.0	-15.0	0.01	0.00	1.38	2.62	1:1.90	30.6	4.6	0.0
9.569	639.6	-----	35.93	30.43	27.6	4.6	26.2	14.0	-15.0	0.01	0.00	1.37	2.62	1:1.91	30.6	4.6	0.0
9.598	637.6	-----	35.83	30.43	27.6	4.6	26.3	14.0	-15.1	0.01	0.00	1.37	2.61	1:1.91	30.2	4.6	0.0
9.604	639.8	-----	36.07	30.39	27.5	4.6	26.3	14.0	-15.0	0.01	0.00	1.38	2.62	1:1.90	30.4	4.6	0.0
9.633	639.0	-----	35.93	30.39	27.6	4.6	26.2	14.0	-15.0	0.00	0.00	1.36	2.63	1:1.93	30.5	4.6	0.0
9.645	639.5	-----	36.59	30.39	27.6	4.6	26.2	14.0	-15.0	0.00	0.00	1.36	2.63	1:1.93	29.8	4.6	0.0
