Minute Volume (lpm)	Tidal Volume (ml)	Base Flow (lpm)	PIF (lpm)	PEF (lpm)	PIP (cmH2O)	PEEP (cmH2O)	IPP (cmH2O)	MAP (cmH2O)	Breath Rate	In. Hold (sec)	Ex. Hold (sec)	In. Time (sec)	Ex. Time (sec)	I:E Ratio	Compliance (ml/cmH2O)	Min Airway Press	Assist Press	Time
5.953	394.7	-----	27.06	24.62	19.4	4.4	19.0	10.4	-15.0	0.01	0.00	1.38	2.62	1:1.90	27.6	4.4	0.0	12:35:45
5.894	390.9	-----	26.78	24.74	19.4	4.6	19.1	10.5	-15.0	0.01	0.00	1.38	2.61	1:1.89	27.5	4.6	0.0
5.816	390.5	-----	26.82	24.34	19.4	4.6	19.1	10.6	-15.1	0.01	0.00	1.37	2.61	1:1.91	26.9	4.6	0.0
5.775	388.5	-----	26.53	23.95	19.4	4.7	19.2	10.6	-15.1	0.01	0.00	1.37	2.61	1:1.91	27.1	4.7	0.0
5.779	387.9	-----	26.53	23.95	19.4	4.7	19.1	10.6	-15.0	0.01	0.01	1.38	2.62	1:1.90	27.7	4.7	0.0
5.749	386.9	-----	26.39	24.06	19.4	4.7	19.1	10.7	-15.1	0.01	0.00	1.37	2.61	1:1.91	27.4	4.7	0.0
5.793	383.5	-----	26.67	23.95	19.4	4.7	19.1	10.6	-15.1	0.01	0.00	1.38	2.60	1:1.88	26.8	4.7	0.0
5.761	385.3	-----	26.39	23.95	19.4	4.7	19.1	10.7	-15.1	0.01	0.01	1.38	2.60	1:1.88	27.7	4.7	0.0
5.718	386.7	-----	26.39	24.03	19.4	4.7	19.1	10.7	-15.0	0.01	0.01	1.37	2.62	1:1.91	27.8	4.7	0.0
5.750	386.4	-----	26.27	24.06	19.4	4.7	19.1	10.7	-15.0	0.01	0.01	1.37	2.62	1:1.91	27.7	4.7	0.0
5.760	386.4	-----	26.39	23.95	19.4	4.7	19.0	10.7	-15.0	0.00	0.01	1.36	2.63	1:1.93	28.0	4.7	0.0
5.730	385.7	-----	26.39	23.95	19.4	4.7	19.1	10.7	-15.1	0.01	0.01	1.37	2.61	1:1.91	27.5	4.7	0.0
5.740	386.0	-----	26.53	23.95	19.4	4.7	19.2	10.7	-15.0	0.01	0.01	1.38	2.62	1:1.90	27.5	4.7	0.0
