Minute Volume (lpm)	Tidal Volume (ml)	Base Flow (lpm)	PIF (lpm)	PEF (lpm)	PIP (cmH2O)	PEEP (cmH2O)	IPP (cmH2O)	MAP (cmH2O)	Breath Rate	In. Hold (sec)	Ex. Hold (sec)	In. Time (sec)	Ex. Time (sec)	I:E Ratio	Compliance (ml/cmH2O)	Min Airway Press	Assist Press	Time
1.894	116.8	-----	13.36	9.76	10.0	6.2	10.0	6.8	-15.0	0.34	0.85	1.35	2.64	1:1.96	22.4	4.6	1.6	12:37:02
1.807	111.1	-----	13.19	9.27	10.0	6.2	10.0	6.9	-15.2	0.40	0.86	1.35	2.61	1:1.93	21.7	4.7	1.5
1.777	109.9	-----	12.81	9.16	10.0	6.2	10.0	6.9	-15.1	0.39	0.87	1.36	2.62	1:1.93	21.9	4.7	1.5
1.751	108.8	-----	12.74	8.90	10.0	6.3	9.9	6.9	-15.1	0.40	0.86	1.35	2.63	1:1.95	22.2	4.8	1.5
1.741	108.6	-----	12.60	9.03	10.0	6.3	10.0	6.9	-15.0	0.39	0.88	1.35	2.64	1:1.96	21.7	4.8	1.5
1.754	109.6	-----	12.56	9.06	10.0	6.3	10.0	6.9	-15.1	0.38	0.84	1.35	2.62	1:1.94	21.4	4.8	1.5
1.747	108.1	-----	12.59	9.11	10.0	6.3	10.0	6.9	-15.1	0.40	0.88	1.36	2.62	1:1.93	21.1	4.7	1.6
1.736	110.2	-----	12.62	9.09	10.0	6.2	10.0	6.9	-15.1	0.37	0.86	1.35	2.63	1:1.95	21.6	4.7	1.5
1.738	109.0	-----	12.55	9.03	10.0	6.3	10.0	6.9	-15.0	0.38	0.89	1.35	2.65	1:1.96	21.8	4.7	1.6
1.728	107.3	-----	12.62	9.00	10.0	6.3	10.0	6.9	-15.0	0.40	0.91	1.35	2.65	1:1.96	21.4	4.8	1.5
1.739	107.3	-----	12.55	8.94	10.0	6.3	10.0	6.9	-15.1	0.39	0.91	1.35	2.63	1:1.95	21.4	4.8	1.5
1.732	107.5	-----	12.53	9.05	10.0	6.3	10.0	6.9	-15.0	0.39	0.91	1.35	2.64	1:1.96	21.5	4.8	1.5
1.733	108.3	-----	12.62	9.06	10.0	6.2	10.0	6.9	-15.1	0.39	0.88	1.34	2.64	1:1.97	21.6	4.8	1.4
1.732	107.2	-----	12.50	8.93	10.0	6.3	10.0	6.9	-15.0	0.38	0.91	1.35	2.64	1:1.96	21.0	4.8	1.5
