Minute Volume (lpm)	Tidal Volume (ml)	Base Flow (lpm)	PIF (lpm)	PEF (lpm)	PIP (cmH2O)	PEEP (cmH2O)	IPP (cmH2O)	MAP (cmH2O)	Breath Rate	In. Hold (sec)	Ex. Hold (sec)	In. Time (sec)	Ex. Time (sec)	I:E Ratio	Compliance (ml/cmH2O)	Min Airway Press	Assist Press	Time
7.219	465.2	-----	28.03	23.76	24.0	5.4	22.2	13.5	-15.0	0.01	0.00	1.40	2.60	1:1.86	28.0	5.4	0.0	12:46:21
7.334	468.9	-----	28.15	23.76	23.9	5.2	22.2	13.3	-15.1	0.01	0.00	1.39	2.59	1:1.86	27.7	5.2	0.0
7.360	471.5	-----	28.93	24.01	23.9	5.1	22.1	13.2	-15.0	0.01	0.00	1.40	2.59	1:1.85	27.8	5.1	0.0
7.377	471.5	-----	28.71	24.01	23.9	4.9	22.0	13.1	-15.0	0.01	0.00	1.40	2.59	1:1.85	27.8	4.9	0.0
7.413	474.3	-----	28.57	24.67	23.8	4.8	22.0	13.0	-15.0	0.01	0.00	1.40	2.60	1:1.86	28.2	4.8	0.0
7.483	473.8	-----	28.93	24.95	23.8	4.8	21.8	12.9	-15.1	0.00	0.00	1.38	2.60	1:1.88	28.5	4.8	0.0
7.460	475.5	-----	29.06	24.84	23.9	4.8	21.8	12.9	-15.1	0.00	0.00	1.37	2.61	1:1.91	28.3	4.8	0.0
7.500	477.7	-----	28.81	25.23	23.8	4.8	21.8	12.9	-15.0	0.00	0.00	1.38	2.62	1:1.90	28.7	4.8	0.0
7.536	478.3	-----	28.81	25.23	23.8	4.8	21.9	12.9	-15.0	0.01	0.00	1.39	2.60	1:1.87	28.3	4.8	0.0
7.516	478.9	-----	29.06	25.35	23.8	4.8	21.8	12.9	-15.0	0.01	0.00	1.40	2.60	1:1.86	28.6	4.8	0.0
7.524	479.5	-----	29.10	24.98	23.8	4.7	21.7	12.9	-15.0	0.00	0.00	1.38	2.62	1:1.90	29.0	4.7	0.0
7.547	478.3	-----	29.06	25.23	23.8	4.8	21.8	12.9	-15.0	0.01	0.00	1.39	2.60	1:1.87	28.8	4.8	0.0
7.520	480.9	-----	29.10	25.23	23.8	4.9	21.7	12.9	-15.0	0.00	0.00	1.37	2.62	1:1.91	29.1	4.9	0.0
7.554	480.8	-----	29.10	24.84	23.8	4.9	21.8	12.9	-15.1	0.01	0.00	1.38	2.60	1:1.88	28.9	4.9	0.0
7.594	480.4	-----	28.97	24.95	23.8	4.8	21.7	12.9	-15.1	0.00	0.00	1.38	2.60	1:1.88	28.9	4.8	0.0
7.506	481.9	-----	29.22	24.95	23.8	4.8	21.6	12.9	-15.0	0.00	0.00	1.37	2.62	1:1.91	29.5	4.8	0.0
7.604	479.9	-----	29.22	25.26	23.8	4.8	21.8	12.9	-15.1	0.01	0.00	1.39	2.59	1:1.86	28.9	4.8	0.0
7.586	482.6	-----	29.18	25.23	23.7	4.9	21.6	12.9	-15.0	0.00	0.00	1.38	2.61	1:1.89	29.4	4.9	0.0
7.601	479.1	-----	29.22	25.23	23.8	4.8	21.6	12.9	-15.2	0.01	0.00	1.39	2.57	1:1.85	28.8	4.8	0.0
7.596	480.5	-----	29.18	25.23	23.7	4.9	21.6	12.9	-15.0	0.01	0.00	1.40	2.59	1:1.85	29.1	4.9	0.0
7.553	480.8	-----	29.10	24.95	23.8	4.8	21.7	12.9	-15.0	0.01	0.00	1.39	2.60	1:1.87	29.3	4.8	0.0
7.600	483.2	-----	29.10	24.95	23.7	4.8	21.7	12.9	-15.0	0.01	0.00	1.39	2.60	1:1.87	29.6	4.8	0.0
7.613	484.1	-----	29.10	24.95	23.8	4.9	21.7	12.9	-15.0	0.01	0.00	1.39	2.60	1:1.87	29.6	4.9	0.0
7.628	482.3	-----	29.22	24.81	23.7	4.9	21.7	12.9	-15.0	0.01	0.00	1.39	2.60	1:1.87	29.5	4.9	0.0
7.618	485.6	-----	29.18	24.84	23.7	4.9	21.7	12.9	-15.0	0.01	0.00	1.39	2.60	1:1.87	29.4	4.9	0.0
7.583	485.3	-----	29.18	25.38	23.8	4.9	21.6	12.9	-15.0	0.01	0.00	1.39	2.60	1:1.87	29.4	4.9	0.0
7.640	483.6	-----	29.22	24.95	23.7	4.9	21.6	12.9	-15.0	0.01	0.00	1.40	2.59	1:1.85	29.4	4.9	0.0
7.636	484.8	-----	29.18	25.23	23.7	4.9	21.6	12.9	-15.0	0.01	0.00	1.40	2.59	1:1.85	29.5	4.9	0.0
7.615	484.7	-----	29.45	24.95	23.7	4.9	21.6	12.9	-15.0	0.01	0.00	1.39	2.60	1:1.87	29.7	4.9	0.0
7.610	483.6	-----	29.18	24.81	23.7	4.9	21.6	12.9	-15.1	0.00	0.00	1.37	2.61	1:1.91	29.4	4.9	0.0
7.643	484.6	-----	29.10	24.81	23.7	4.8	21.6	12.9	-15.0	0.00	0.00	1.38	2.61	1:1.89	29.5	4.8	0.0
7.639	485.2	-----	29.22	24.81	23.7	4.8	21.6	12.9	-15.0	0.00	0.00	1.38	2.61	1:1.89	29.5	4.8	0.0
7.665	483.6	-----	29.32	24.84	23.7	4.9	21.6	12.9	-15.1	0.00	0.00	1.38	2.60	1:1.88	29.3	4.9	0.0
