Minute Volume (lpm)	Tidal Volume (ml)	Base Flow (lpm)	PIF (lpm)	PEF (lpm)	PIP (cmH2O)	PEEP (cmH2O)	IPP (cmH2O)	MAP (cmH2O)	Breath Rate	In. Hold (sec)	Ex. Hold (sec)	In. Time (sec)	Ex. Time (sec)	I:E Ratio	Compliance (ml/cmH2O)	Min Airway Press	Assist Press	Time
4.717	291.3	-----	20.95	17.46	16.6	4.1	16.2	9.1	-15.0	0.01	0.01	1.37	2.62	1:1.91	24.6	4.1	0.0	12:48:58
4.677	286.2	-----	20.93	17.29	16.6	4.3	16.3	9.2	-15.1	0.01	0.01	1.36	2.62	1:1.93	24.2	4.3	0.0
4.630	280.9	-----	20.62	16.84	16.6	4.6	16.3	9.4	-15.0	0.02	0.01	1.38	2.61	1:1.89	24.2	4.6	0.0
4.557	276.6	-----	20.25	16.28	16.6	4.6	16.4	9.5	-15.0	0.01	0.01	1.38	2.61	1:1.89	24.0	4.6	0.0
4.487	274.9	-----	19.94	15.83	16.6	4.7	16.4	9.6	-15.0	0.01	0.01	1.38	2.61	1:1.89	24.1	4.7	0.0
4.437	272.4	-----	19.82	15.29	16.6	4.8	16.4	9.7	-15.0	0.01	0.01	1.38	2.62	1:1.90	24.1	4.8	0.0
4.406	270.8	-----	19.54	15.14	16.6	4.9	16.4	9.7	-15.0	0.02	0.01	1.38	2.61	1:1.89	24.1	4.9	0.0
4.395	270.5	-----	19.42	15.13	16.6	4.9	16.4	9.7	-15.1	0.02	0.01	1.38	2.60	1:1.88	23.7	4.9	0.0
4.405	267.1	-----	19.31	15.17	16.6	4.9	16.4	9.8	-15.1	0.01	0.04	1.38	2.59	1:1.88	23.6	4.9	0.0
4.373	269.0	-----	19.35	15.12	16.6	4.9	16.4	9.8	-15.1	0.01	0.01	1.38	2.60	1:1.88	23.8	4.9	0.0
4.353	270.0	-----	19.51	15.04	16.6	4.9	16.4	9.7	-15.0	0.02	0.01	1.39	2.61	1:1.88	23.8	4.9	0.0
4.371	269.8	-----	19.44	15.07	16.6	4.9	16.4	9.8	-15.0	0.01	0.01	1.38	2.61	1:1.89	23.6	4.9	0.0
4.359	270.6	-----	19.39	15.26	16.7	4.8	16.4	9.7	-15.0	0.02	0.01	1.38	2.61	1:1.89	23.9	4.8	0.0
4.353	270.2	-----	19.32	15.12	16.6	4.9	16.4	9.7	-15.0	0.02	0.01	1.38	2.61	1:1.89	23.9	4.9	0.0
