Minute Volume (lpm)	Tidal Volume (ml)	Base Flow (lpm)	PIF (lpm)	PEF (lpm)	PIP (cmH2O)	PEEP (cmH2O)	IPP (cmH2O)	MAP (cmH2O)	Breath Rate	In. Hold (sec)	Ex. Hold (sec)	In. Time (sec)	Ex. Time (sec)	I:E Ratio	Compliance (ml/cmH2O)	Min Airway Press	Assist Press	Time
1.382	50.9	-----	6.42	4.30	8.0	5.8	8.0	6.0	-15.1	0.07	1.26	1.38	2.59	1:1.88	14.9	4.6	1.2	12:50:13
1.320	46.2	-----	6.07	4.15	8.0	5.9	8.0	6.2	-15.1	0.07	1.30	1.40	2.58	1:1.84	14.9	4.7	1.2
1.255	43.4	-----	5.74	3.93	8.1	6.0	8.1	6.3	-15.1	0.08	1.32	1.40	2.58	1:1.84	14.0	4.9	1.1
1.225	42.3	-----	5.40	3.72	8.2	6.1	8.2	6.4	-15.1	0.07	1.32	1.39	2.58	1:1.86	13.6	5.0	1.1
1.198	42.8	-----	5.40	3.75	8.2	6.2	8.2	6.4	-15.1	0.07	1.31	1.39	2.59	1:1.86	13.8	5.0	1.2
1.198	42.2	-----	5.27	3.75	8.2	6.2	8.2	6.4	-15.1	0.08	1.32	1.40	2.58	1:1.84	13.6	5.0	1.2
1.189	43.1	-----	5.22	3.78	8.2	6.2	8.2	6.4	-15.0	0.08	1.29	1.40	2.59	1:1.85	13.9	5.0	1.2
1.204	43.7	-----	5.28	3.69	8.2	6.2	8.2	6.4	-15.1	0.08	1.26	1.41	2.57	1:1.82	14.0	5.0	1.2
1.193	43.2	-----	5.27	3.75	8.2	6.2	8.2	6.4	-15.1	0.08	1.29	1.40	2.58	1:1.84	13.9	5.0	1.2
1.193	42.0	-----	5.35	3.71	8.2	6.2	8.1	6.4	-15.1	0.08	1.30	1.40	2.57	1:1.84	13.5	4.9	1.3
1.193	43.1	-----	5.34	3.76	8.2	6.2	8.2	6.4	-15.1	0.08	1.27	1.40	2.57	1:1.84	13.4	4.9	1.3
1.192	41.8	-----	5.42	3.71	8.2	6.2	8.1	6.4	-15.1	0.08	1.31	1.41	2.57	1:1.82	13.9	5.0	1.2
