Minute Volume (lpm)	Tidal Volume (ml)	Base Flow (lpm)	PIF (lpm)	PEF (lpm)	PIP (cmH2O)	PEEP (cmH2O)	IPP (cmH2O)	MAP (cmH2O)	Breath Rate	In. Hold (sec)	Ex. Hold (sec)	In. Time (sec)	Ex. Time (sec)	I:E Ratio	Compliance (ml/cmH2O)	Min Airway Press	Assist Press	Time
7.347	468.4	-----	28.15	24.30	23.8	5.9	21.7	13.7	-15.0	0.01	0.00	1.39	2.61	1:1.88	30.4	5.9	0.0	12:52:34
7.369	468.8	-----	28.03	24.30	23.8	5.9	21.7	13.7	-15.0	0.01	0.00	1.39	2.60	1:1.87	30.0	5.9	0.0
7.374	468.8	-----	27.93	24.30	23.8	5.9	21.7	13.7	-15.0	0.00	0.00	1.38	2.61	1:1.89	30.0	5.9	0.0
7.378	467.4	-----	28.15	24.30	23.8	5.9	21.7	13.7	-15.0	0.00	0.00	1.38	2.61	1:1.89	30.1	5.9	0.0
7.377	469.8	-----	28.07	24.30	23.8	5.9	21.7	13.7	-15.0	0.01	0.00	1.39	2.60	1:1.87	30.3	5.9	0.0
7.392	468.8	-----	28.07	24.16	23.8	5.9	21.7	13.7	-15.0	0.00	0.00	1.38	2.61	1:1.89	30.0	5.9	0.0
7.390	468.7	-----	28.03	24.02	23.8	5.9	21.7	13.7	-15.0	0.00	0.00	1.38	2.61	1:1.89	30.0	5.9	0.0
7.372	470.7	-----	28.28	24.30	23.8	5.9	21.6	13.7	-15.0	0.00	0.00	1.38	2.62	1:1.90	30.5	5.9	0.0
7.371	470.9	-----	27.93	24.30	23.8	5.9	21.8	13.7	-15.0	0.01	0.00	1.39	2.61	1:1.88	30.1	5.9	0.0
7.393	470.2	-----	28.28	24.30	23.8	5.9	21.7	13.7	-15.0	0.01	0.00	1.39	2.60	1:1.87	30.1	5.9	0.0
7.390	470.8	-----	28.18	24.16	23.8	5.9	21.7	13.7	-15.0	0.00	0.00	1.38	2.62	1:1.90	30.3	5.9	0.0
7.421	470.2	-----	28.15	24.16	23.8	5.9	21.7	13.7	-15.1	0.01	0.00	1.39	2.59	1:1.86	30.1	5.9	0.0
7.390	471.7	-----	28.03	24.16	23.8	5.9	21.7	13.7	-15.0	0.00	0.00	1.38	2.62	1:1.90	30.4	5.9	0.0
7.404	469.0	-----	28.07	24.16	23.8	5.9	21.7	13.7	-15.0	0.01	0.00	1.39	2.60	1:1.87	30.2	5.9	0.0
