Minute Volume (lpm)	Tidal Volume (ml)	Base Flow (lpm)	PIF (lpm)	PEF (lpm)	PIP (cmH2O)	PEEP (cmH2O)	IPP (cmH2O)	MAP (cmH2O)	Breath Rate	In. Hold (sec)	Ex. Hold (sec)	In. Time (sec)	Ex. Time (sec)	I:E Ratio	Compliance (ml/cmH2O)	Min Airway Press	Assist Press	Time
4.345	270.1	-----	18.96	16.71	16.6	9.0	16.3	9.7	-15.0	0.02	0.00	1.36	2.63	1:1.93	23.9	4.9	4.1	12:53:57
4.336	269.0	-----	18.94	16.72	16.6	9.0	16.2	9.7	-15.0	0.01	0.00	1.36	2.63	1:1.93	24.0	4.9	4.1
4.306	268.3	-----	18.91	16.58	16.6	9.1	16.2	9.7	-15.0	0.02	0.01	1.36	2.64	1:1.94	24.1	4.9	4.2
4.328	266.9	-----	18.89	16.57	16.6	9.0	16.2	9.7	-15.1	0.01	0.00	1.35	2.63	1:1.95	23.8	4.9	4.1
4.317	265.9	-----	19.00	16.64	16.6	9.0	16.2	9.7	-15.0	0.02	0.01	1.36	2.63	1:1.93	23.9	4.8	4.2
4.313	265.4	-----	18.78	16.66	16.4	8.9	16.2	9.7	-15.1	0.02	0.01	1.35	2.63	1:1.95	23.6	4.9	4.0
4.303	266.9	-----	18.96	16.42	16.5	8.9	16.2	9.7	-15.0	0.02	0.01	1.35	2.64	1:1.96	24.0	4.8	4.1
4.293	266.6	-----	18.91	16.57	16.4	8.9	16.2	9.7	-15.0	0.02	0.01	1.35	2.64	1:1.96	24.0	4.9	4.0
4.282	266.9	-----	18.97	16.59	16.4	9.0	16.2	9.6	-15.0	0.02	0.01	1.35	2.65	1:1.96	24.0	4.9	4.1
4.271	267.1	-----	18.93	16.58	16.4	8.9	16.2	9.7	-15.1	0.01	0.00	1.33	2.64	1:1.98	23.8	4.8	4.1
4.297	266.7	-----	18.89	16.56	16.4	9.0	16.2	9.7	-15.0	0.02	0.01	1.36	2.64	1:1.94	24.0	4.8	4.2
4.317	266.8	-----	19.01	16.60	16.5	9.0	16.2	9.7	-15.0	0.01	0.01	1.35	2.64	1:1.96	23.8	4.9	4.1
4.308	267.6	-----	18.85	16.74	16.6	9.0	16.2	9.7	-15.0	0.02	0.01	1.36	2.64	1:1.94	24.1	4.8	4.2
4.324	268.5	-----	18.91	16.69	16.6	9.0	16.2	9.7	-15.0	0.01	0.00	1.35	2.64	1:1.96	23.7	4.8	4.2
4.311	268.4	-----	18.82	16.78	16.6	9.1	16.2	9.7	-15.0	0.01	0.00	1.35	2.64	1:1.96	23.9	4.9	4.2
4.339	268.0	-----	18.89	16.72	16.6	9.1	16.3	9.7	-15.0	0.01	0.00	1.36	2.63	1:1.93	23.7	4.9	4.2
