Minute Volume (lpm)	Tidal Volume (ml)	Base Flow (lpm)	PIF (lpm)	PEF (lpm)	PIP (cmH2O)	PEEP (cmH2O)	IPP (cmH2O)	MAP (cmH2O)	Breath Rate	In. Hold (sec)	Ex. Hold (sec)	In. Time (sec)	Ex. Time (sec)	I:E Ratio	Compliance (ml/cmH2O)	Min Airway Press	Assist Press	Time
7.239	459.3	-----	28.07	23.79	24.1	7.1	22.6	14.5	-15.0	0.02	0.00	1.40	2.59	1:1.85	29.8	7.1	0.0	12:58:40
7.242	460.5	-----	28.57	23.76	24.1	7.1	22.5	14.5	-15.0	0.01	0.00	1.40	2.59	1:1.85	30.2	7.1	0.0
7.233	461.6	-----	28.18	23.76	24.1	7.1	22.6	14.5	-15.0	0.01	0.00	1.40	2.60	1:1.86	30.3	7.1	0.0
7.249	462.5	-----	28.18	23.79	24.0	7.1	22.4	14.5	-15.0	0.01	0.01	1.40	2.60	1:1.86	30.8	7.1	0.0
7.270	462.1	-----	28.32	23.76	24.1	7.1	22.4	14.5	-15.0	0.01	0.01	1.40	2.59	1:1.85	30.8	7.1	0.0
7.289	462.5	-----	28.32	23.76	24.1	7.1	22.4	14.5	-15.1	0.01	0.00	1.39	2.58	1:1.86	30.6	7.1	0.0
7.260	464.6	-----	28.46	23.76	24.1	7.1	22.4	14.5	-15.0	0.01	0.00	1.40	2.59	1:1.85	30.7	7.1	0.0
7.258	464.7	-----	28.18	23.62	24.0	7.1	22.4	14.5	-15.0	0.01	0.00	1.40	2.59	1:1.85	30.5	7.1	0.0
7.282	466.4	-----	28.97	23.62	24.0	7.2	22.4	14.5	-15.0	0.01	0.00	1.40	2.60	1:1.86	31.0	7.2	0.0
7.332	465.8	-----	28.57	23.62	24.0	7.2	22.4	14.5	-15.0	0.01	0.00	1.40	2.59	1:1.85	30.8	7.2	0.0
7.352	465.7	-----	28.46	23.65	24.0	7.1	22.3	14.6	-15.1	0.01	0.00	1.40	2.58	1:1.84	31.0	7.1	0.0
7.318	467.0	-----	28.46	23.65	24.0	7.0	22.3	14.5	-15.0	0.02	0.00	1.41	2.59	1:1.84	31.3	7.0	0.0
7.326	464.4	-----	28.57	23.65	24.1	7.1	22.3	14.5	-15.1	0.02	0.00	1.40	2.58	1:1.84	30.9	7.1	0.0
7.330	467.8	-----	28.57	23.23	24.0	7.2	22.3	14.5	-15.0	0.02	0.00	1.41	2.59	1:1.84	31.3	7.2	0.0
7.373	464.6	-----	28.32	23.62	24.0	7.2	22.3	14.5	-15.1	0.01	0.00	1.40	2.58	1:1.84	30.9	7.2	0.0
7.359	466.9	-----	28.46	23.23	24.0	7.1	22.2	14.5	-15.0	0.02	0.00	1.41	2.58	1:1.83	31.3	7.1	0.0
7.365	468.6	-----	28.18	23.62	23.9	7.2	22.3	14.5	-15.0	0.01	0.00	1.40	2.59	1:1.85	31.2	7.2	0.0
7.316	467.1	-----	28.32	23.20	24.0	7.2	22.2	14.5	-15.1	0.01	0.00	1.39	2.59	1:1.86	31.5	7.2	0.0
7.374	483.6	-----	28.97	22.91	23.9	7.5	22.2	14.5	-15.0	0.02	0.00	1.40	2.59	1:1.85	33.1	7.2	0.3
7.374	483.1	-----	28.71	22.91	23.9	7.2	22.2	14.5	-15.0	0.02	0.00	1.40	2.59	1:1.85	33.0	7.2	0.0
7.400	482.3	-----	28.97	22.79	23.9	7.2	22.2	14.5	-15.1	0.02	0.00	1.40	2.58	1:1.84	32.5	7.2	0.0
7.417	484.8	-----	28.97	22.79	23.9	7.2	22.2	14.6	-15.1	0.01	0.00	1.40	2.58	1:1.84	32.5	7.2	0.0
7.371	484.9	-----	28.71	22.91	23.9	7.2	22.2	14.5	-15.0	0.01	0.00	1.40	2.60	1:1.86	32.7	7.2	0.0
