Minute Volume (lpm)	Tidal Volume (ml)	Base Flow (lpm)	PIF (lpm)	PEF (lpm)	PIP (cmH2O)	PEEP (cmH2O)	IPP (cmH2O)	MAP (cmH2O)	Breath Rate	In. Hold (sec)	Ex. Hold (sec)	In. Time (sec)	Ex. Time (sec)	I:E Ratio	Compliance (ml/cmH2O)	Min Airway Press	Assist Press	Time
3.604	244.5	-----	16.51	14.47	16.6	6.8	16.4	10.9	-15.2	0.03	0.03	1.38	2.58	1:1.87	25.7	6.8	0.0	13:00:41
3.591	244.5	-----	16.67	14.54	16.6	6.7	16.4	10.9	-15.0	0.04	0.07	1.40	2.60	1:1.86	26.0	6.7	0.0
3.592	243.4	-----	16.49	14.57	16.6	6.7	16.5	10.9	-15.0	0.03	0.10	1.39	2.60	1:1.87	25.8	6.7	0.0
3.581	242.2	-----	16.60	14.58	16.6	6.8	16.5	10.9	-15.0	0.04	0.15	1.39	2.60	1:1.87	25.7	6.8	0.0
3.603	234.1	-----	16.50	14.69	16.6	7.0	16.4	10.9	-15.1	0.04	0.41	1.39	2.58	1:1.86	25.1	7.0	0.0
3.532	234.5	-----	16.33	14.79	16.6	6.9	16.4	10.9	-15.1	0.04	0.36	1.40	2.58	1:1.84	25.4	6.9	0.0
3.556	239.5	-----	16.35	14.99	16.6	6.7	16.4	10.8	-15.1	0.04	0.34	1.39	2.58	1:1.86	25.2	6.7	0.0
3.586	242.3	-----	16.53	15.12	16.6	6.7	16.4	10.7	-15.0	0.03	0.31	1.39	2.60	1:1.87	25.5	6.7	0.0
3.639	240.8	-----	16.61	15.20	16.6	6.7	16.5	10.7	-15.2	0.04	0.38	1.39	2.57	1:1.85	24.8	6.7	0.0
3.643	236.6	-----	16.64	15.65	16.7	6.7	16.6	10.6	-15.0	0.03	0.66	1.39	2.61	1:1.88	24.6	6.7	0.0
3.593	249.8	-----	16.50	15.65	16.6	6.5	16.4	10.6	-15.1	0.03	0.21	1.38	2.59	1:1.88	25.4	6.5	0.0
3.661	277.5	-----	16.96	16.60	16.6	5.4	16.4	10.0	-15.1	0.04	0.04	1.39	2.59	1:1.86	25.6	5.4	0.0
3.993	280.0	-----	18.75	17.37	16.4	5.2	16.2	9.9	-15.0	0.03	0.03	1.38	2.61	1:1.89	25.6	5.2	0.0
4.072	281.1	-----	19.28	17.63	16.4	5.1	16.1	9.8	-15.0	0.03	0.01	1.38	2.61	1:1.89	26.0	5.1	0.0
4.105	277.4	-----	19.40	17.71	16.3	5.2	16.2	9.9	-15.0	0.03	0.03	1.38	2.61	1:1.89	25.9	5.2	0.0
4.066	285.0	-----	19.22	17.66	16.4	5.0	16.1	9.7	-15.0	0.03	0.01	1.38	2.61	1:1.89	26.3	5.0	0.0
4.148	284.8	-----	19.61	17.60	16.3	4.9	16.1	9.7	-15.0	0.02	0.01	1.37	2.62	1:1.91	26.3	4.9	0.0
4.175	283.7	-----	19.58	17.77	16.3	4.9	16.1	9.7	-15.1	0.03	0.01	1.38	2.60	1:1.88	25.7	4.9	0.0
4.156	285.1	-----	19.64	17.92	16.3	4.8	16.1	9.7	-15.1	0.02	0.01	1.37	2.61	1:1.91	25.9	4.8	0.0
4.169	285.5	-----	19.73	17.97	16.4	4.8	16.1	9.7	-15.0	0.03	0.00	1.39	2.60	1:1.87	25.7	4.8	0.0
4.212	261.3	-----	19.86	17.71	16.4	5.5	16.1	9.8	-15.1	0.02	0.24	1.38	2.59	1:1.88	25.1	5.5	0.0
4.039	235.3	-----	18.88	15.34	16.6	6.7	16.5	10.7	-15.0	0.03	0.53	1.39	2.61	1:1.88	25.3	6.7	0.0
3.625	247.5	-----	16.64	13.86	16.8	6.8	16.6	11.1	-15.1	0.03	0.01	1.38	2.60	1:1.88	25.7	6.8	0.0
3.633	268.8	-----	16.64	14.50	16.8	6.1	16.6	10.8	-15.0	0.03	0.01	1.39	2.61	1:1.88	26.3	6.1	0.0
3.876	280.0	-----	17.88	15.40	16.8	5.6	16.6	10.4	-15.0	0.02	0.01	1.38	2.61	1:1.89	26.1	5.6	0.0
4.057	287.3	-----	18.91	16.02	16.7	5.2	16.6	10.1	-15.0	0.01	0.00	1.37	2.62	1:1.91	25.8	5.2	0.0
4.158	290.9	-----	19.39	16.64	16.6	5.0	16.4	9.9	-15.0	0.02	0.01	1.38	2.62	1:1.90	26.2	5.0	0.0
4.204	293.7	-----	19.64	17.00	16.6	4.8	16.4	9.8	-15.0	0.02	0.01	1.37	2.62	1:1.91	25.9	4.8	0.0
4.273	294.7	-----	19.94	17.44	16.6	4.9	16.4	9.7	-15.0	0.01	0.00	1.37	2.62	1:1.91	25.8	4.9	0.0
4.305	295.0	-----	20.11	17.51	16.7	4.8	16.4	9.7	-15.0	0.02	0.00	1.38	2.61	1:1.89	25.6	4.8	0.0
4.278	295.1	-----	20.12	17.50	16.6	4.8	16.4	9.7	-15.0	0.01	0.00	1.37	2.62	1:1.91	25.6	4.8	0.0
4.311	294.6	-----	20.17	17.55	16.6	4.8	16.4	9.7	-15.0	0.02	0.00	1.38	2.61	1:1.89	25.8	4.8	0.0
4.300	295.4	-----	20.04	17.46	16.6	4.8	16.4	9.7	-15.0	0.02	0.00	1.38	2.62	1:1.90	25.9	4.8	0.0
4.300	295.5	-----	20.11	17.54	16.6	4.8	16.4	9.7	-15.0	0.01	0.01	1.37	2.63	1:1.92	26.1	4.8	0.0
