Minute Volume (lpm)	Tidal Volume (ml)	Base Flow (lpm)	PIF (lpm)	PEF (lpm)	PIP (cmH2O)	PEEP (cmH2O)	IPP (cmH2O)	MAP (cmH2O)	Breath Rate	In. Hold (sec)	Ex. Hold (sec)	In. Time (sec)	Ex. Time (sec)	I:E Ratio	Compliance (ml/cmH2O)	Min Airway Press	Assist Press	Time
1.234	70.1	-----	6.54	5.17	8.1	5.9	8.1	6.0	-15.0	0.07	0.87	1.39	2.60	1:1.87	20.6	4.6	1.3	13:03:21
1.196	67.7	-----	6.53	4.99	8.1	5.9	8.1	6.2	-15.1	0.06	0.85	1.38	2.60	1:1.88	21.8	4.7	1.2
1.143	63.1	-----	5.99	4.70	8.1	6.0	8.1	6.3	-15.2	0.08	0.89	1.39	2.57	1:1.85	20.3	4.8	1.2
1.090	61.6	-----	5.99	4.52	8.1	6.1	8.1	6.3	-15.0	0.07	0.91	1.39	2.60	1:1.87	20.5	4.9	1.2
1.091	62.2	-----	5.71	4.52	8.2	6.1	8.2	6.4	-15.1	0.07	0.87	1.39	2.58	1:1.86	20.0	4.9	1.2
1.076	62.4	-----	5.69	4.52	8.2	6.1	8.2	6.3	-15.1	0.08	0.89	1.39	2.59	1:1.86	19.5	4.9	1.2
1.083	62.6	-----	5.97	4.45	8.2	6.1	8.1	6.4	-15.2	0.08	0.87	1.39	2.57	1:1.85	20.1	4.9	1.2
1.086	63.6	-----	5.76	4.56	8.2	6.1	8.2	6.3	-15.1	0.07	0.86	1.39	2.59	1:1.86	19.8	4.8	1.3
1.089	62.1	-----	5.67	4.55	8.2	6.2	8.1	6.3	-15.1	0.07	0.88	1.39	2.58	1:1.86	20.0	4.8	1.4
1.064	61.1	-----	5.90	4.55	8.2	6.1	8.2	6.3	-15.1	0.08	0.91	1.39	2.59	1:1.86	19.0	4.9	1.2
1.077	61.6	-----	5.85	4.52	8.1	6.1	8.1	6.3	-15.1	0.08	0.90	1.39	2.59	1:1.86	19.8	4.8	1.3
1.070	62.1	-----	5.68	4.50	8.2	6.1	8.2	6.3	-15.1	0.08	0.92	1.38	2.60	1:1.88	19.4	4.9	1.2
1.070	61.9	-----	5.69	4.49	8.2	6.1	8.1	6.3	-15.1	0.08	0.91	1.38	2.59	1:1.88	19.9	4.8	1.3
1.073	62.0	-----	5.75	4.57	8.2	6.1	8.2	6.3	-15.0	0.08	0.93	1.39	2.60	1:1.87	19.3	4.8	1.3
1.084	61.5	-----	5.83	4.39	8.2	6.1	8.2	6.4	-15.2	0.08	0.90	1.39	2.57	1:1.85	19.2	4.9	1.2
1.076	61.1	-----	5.85	4.57	8.2	6.1	8.1	6.3	-15.1	0.08	0.90	1.39	2.58	1:1.86	19.7	4.8	1.3
1.069	61.3	-----	5.82	4.56	8.1	6.1	8.1	6.4	-15.2	0.07	0.88	1.38	2.57	1:1.86	19.7	4.8	1.3
1.074	61.1	-----	5.86	4.47	8.2	6.1	8.1	6.3	-15.1	0.07	0.92	1.39	2.59	1:1.86	19.7	4.9	1.2
1.071	61.2	-----	5.90	4.55	8.2	6.2	8.2	6.3	-15.1	0.08	0.92	1.39	2.59	1:1.86	19.1	4.9	1.3
