Minute Volume (lpm)	Tidal Volume (ml)	Base Flow (lpm)	PIF (lpm)	PEF (lpm)	PIP (cmH2O)	PEEP (cmH2O)	IPP (cmH2O)	MAP (cmH2O)	Breath Rate	In. Hold (sec)	Ex. Hold (sec)	In. Time (sec)	Ex. Time (sec)	I:E Ratio	Compliance (ml/cmH2O)	Min Airway Press	Assist Press	Time
7.365	491.7	-----	28.46	22.79	23.7	5.6	21.7	13.6	-15.0	0.01	0.00	1.40	2.59	1:1.85	31.1	5.6	0.0	13:05:35
7.479	499.3	-----	28.83	23.48	23.7	5.2	21.8	13.3	-15.1	0.01	0.00	1.38	2.59	1:1.88	30.6	5.2	0.0
7.560	501.7	-----	29.22	23.62	23.7	5.2	21.6	13.2	-15.0	0.01	0.00	1.40	2.60	1:1.86	30.9	5.2	0.0
7.618	502.6	-----	29.35	24.02	23.5	5.0	21.5	13.1	-15.0	0.01	0.00	1.40	2.60	1:1.86	31.2	5.0	0.0
7.652	503.7	-----	29.49	23.90	23.6	4.9	21.5	13.0	-15.0	0.01	0.00	1.39	2.60	1:1.87	31.2	4.9	0.0
7.688	505.0	-----	29.61	24.16	23.6	4.9	21.5	12.9	-15.0	0.01	0.00	1.39	2.60	1:1.87	30.7	4.9	0.0
7.729	503.4	-----	29.57	24.44	23.5	4.8	21.5	12.9	-15.1	0.01	0.00	1.40	2.58	1:1.84	30.8	4.8	0.0
7.730	505.8	-----	29.57	24.44	23.5	4.9	21.4	12.9	-15.0	0.00	0.00	1.38	2.61	1:1.89	31.2	4.9	0.0
7.716	506.7	-----	29.61	24.44	23.5	4.8	21.4	12.9	-15.0	0.00	0.00	1.38	2.62	1:1.90	31.2	4.8	0.0
7.750	506.4	-----	29.88	24.58	23.5	4.8	21.5	12.9	-15.0	0.01	0.00	1.39	2.60	1:1.87	31.0	4.8	0.0
7.757	507.6	-----	29.74	24.55	23.5	4.8	21.4	12.9	-15.0	0.01	0.00	1.39	2.60	1:1.87	30.9	4.8	0.0
7.715	508.6	-----	29.88	24.58	23.5	4.7	21.5	12.8	-15.0	0.01	0.00	1.39	2.60	1:1.87	30.8	4.7	0.0
7.744	508.2	-----	29.88	24.55	23.4	4.8	21.4	12.8	-15.0	0.01	0.00	1.39	2.60	1:1.87	31.1	4.8	0.0
7.786	508.1	-----	29.74	24.70	23.5	4.8	21.3	12.9	-15.0	0.01	0.00	1.40	2.59	1:1.85	31.3	4.8	0.0
7.753	508.5	-----	29.74	24.58	23.6	4.8	21.4	12.8	-15.0	0.01	0.00	1.40	2.60	1:1.86	31.1	4.8	0.0
7.777	507.8	-----	29.74	24.58	23.6	4.8	21.4	12.9	-15.0	0.00	0.00	1.38	2.61	1:1.89	31.3	4.8	0.0
7.774	508.6	-----	29.88	24.58	23.5	4.8	21.4	12.9	-15.0	0.00	0.00	1.38	2.61	1:1.89	31.3	4.8	0.0
7.742	508.8	-----	29.88	24.30	23.4	4.8	21.4	12.8	-15.0	0.01	0.00	1.39	2.60	1:1.87	31.4	4.8	0.0
7.759	509.6	-----	29.88	24.67	23.5	4.8	21.3	12.8	-15.0	0.00	0.00	1.38	2.62	1:1.90	31.8	4.8	0.0
7.772	509.1	-----	30.02	24.44	23.5	4.8	21.4	12.9	-15.0	0.01	0.00	1.39	2.60	1:1.87	31.2	4.8	0.0
7.770	509.3	-----	29.88	24.58	23.5	4.8	21.3	12.8	-15.0	0.01	0.00	1.40	2.60	1:1.86	31.6	4.8	0.0
7.776	509.9	-----	29.88	24.58	23.5	4.8	21.4	12.8	-15.0	0.01	0.00	1.39	2.61	1:1.88	31.6	4.8	0.0
7.757	508.9	-----	29.88	24.58	23.6	4.8	21.4	12.8	-15.1	0.01	0.00	1.38	2.60	1:1.88	31.4	4.8	0.0
7.798	507.6	-----	29.88	24.44	23.5	4.8	21.3	12.9	-15.0	0.00	0.00	1.38	2.61	1:1.89	31.5	4.8	0.0
7.787	509.2	-----	29.88	24.58	23.5	4.8	21.4	12.9	-15.0	0.01	0.00	1.39	2.60	1:1.87	31.4	4.8	0.0
