Minute Volume (lpm)	Tidal Volume (ml)	Base Flow (lpm)	PIF (lpm)	PEF (lpm)	PIP (cmH2O)	PEEP (cmH2O)	IPP (cmH2O)	MAP (cmH2O)	Breath Rate	In. Hold (sec)	Ex. Hold (sec)	In. Time (sec)	Ex. Time (sec)	I:E Ratio	Compliance (ml/cmH2O)	Min Airway Press	Assist Press	Time
4.451	297.9	-----	19.82	16.71	16.6	4.6	16.3	9.5	-15.0	0.02	0.01	1.38	2.61	1:1.89	25.9	4.6	0.0	13:07:43
4.393	295.3	-----	19.44	15.88	16.6	4.8	16.3	9.6	-15.0	0.02	0.01	1.38	2.61	1:1.89	26.1	4.8	0.0
4.338	292.9	-----	19.14	15.75	16.6	4.8	16.4	9.7	-15.0	0.02	0.00	1.38	2.61	1:1.89	25.6	4.8	0.0
4.303	291.9	-----	19.22	15.51	16.6	4.8	16.4	9.8	-15.0	0.02	0.00	1.38	2.61	1:1.89	25.8	4.8	0.0
4.272	293.2	-----	19.06	15.62	16.6	4.8	16.4	9.7	-15.0	0.02	0.01	1.38	2.62	1:1.90	26.1	4.8	0.0
4.288	290.5	-----	19.03	15.51	16.6	4.9	16.4	9.8	-15.0	0.01	0.01	1.37	2.62	1:1.91	25.9	4.9	0.0
4.275	292.9	-----	18.82	15.64	16.7	4.8	16.4	9.7	-15.0	0.01	0.00	1.37	2.62	1:1.91	25.6	4.8	0.0
4.291	291.2	-----	19.04	15.69	16.6	4.9	16.3	9.8	-15.0	0.01	0.01	1.38	2.61	1:1.89	26.2	4.9	0.0
4.294	292.5	-----	19.00	15.64	16.6	4.8	16.3	9.7	-15.1	0.01	0.00	1.37	2.61	1:1.91	25.6	4.8	0.0
4.285	291.3	-----	19.04	15.58	16.6	4.8	16.4	9.8	-15.0	0.01	0.00	1.38	2.62	1:1.90	25.7	4.8	0.0
4.275	292.5	-----	18.96	15.62	16.6	4.8	16.4	9.7	-15.0	0.02	0.01	1.38	2.62	1:1.90	25.8	4.8	0.0
4.291	290.9	-----	19.04	15.53	16.6	4.8	16.3	9.8	-15.0	0.02	0.00	1.38	2.61	1:1.89	25.7	4.8	0.0
4.275	290.0	-----	18.84	15.51	16.6	4.8	16.4	9.7	-15.0	0.01	0.01	1.38	2.61	1:1.89	25.6	4.8	0.0
4.287	290.8	-----	19.15	15.68	16.6	4.9	16.3	9.8	-15.0	0.02	0.00	1.38	2.61	1:1.89	25.7	4.9	0.0
4.272	290.9	-----	18.82	15.61	16.6	4.8	16.4	9.7	-15.0	0.01	0.01	1.38	2.61	1:1.89	25.5	4.8	0.0
