Minute Volume (lpm)	Tidal Volume (ml)	Base Flow (lpm)	PIF (lpm)	PEF (lpm)	PIP (cmH2O)	PEEP (cmH2O)	IPP (cmH2O)	MAP (cmH2O)	Breath Rate	In. Hold (sec)	Ex. Hold (sec)	In. Time (sec)	Ex. Time (sec)	I:E Ratio	Compliance (ml/cmH2O)	Min Airway Press	Assist Press	Time
1.304	71.5	-----	6.12	5.03	8.1	5.8	8.0	6.0	-15.2	0.05	0.83	1.37	2.59	1:1.89	21.0	4.6	1.2	13:09:04
1.207	66.0	-----	5.89	4.67	8.1	5.9	8.1	6.2	-15.1	0.07	0.86	1.39	2.59	1:1.86	20.6	4.8	1.1
1.141	63.0	-----	5.53	4.52	8.2	6.0	8.2	6.3	-15.0	0.08	0.88	1.39	2.60	1:1.87	19.6	4.8	1.2
1.112	60.5	-----	5.25	4.27	8.2	6.1	8.2	6.4	-15.2	0.08	0.89	1.39	2.57	1:1.85	19.5	5.0	1.1
1.089	60.4	-----	5.16	4.22	8.2	6.2	8.2	6.4	-15.1	0.08	0.87	1.40	2.57	1:1.84	19.4	5.0	1.2
1.068	60.7	-----	5.09	4.24	8.2	6.2	8.2	6.4	-15.1	0.08	0.88	1.39	2.58	1:1.86	19.5	5.0	1.2
1.071	60.5	-----	4.95	4.22	8.2	6.2	8.2	6.4	-15.1	0.08	0.90	1.39	2.59	1:1.86	18.9	5.0	1.2
1.065	59.8	-----	5.11	4.17	8.2	6.2	8.2	6.4	-15.1	0.08	0.88	1.40	2.58	1:1.84	19.2	4.9	1.3
1.084	61.6	-----	4.94	4.27	8.2	6.2	8.2	6.4	-15.2	0.08	0.84	1.39	2.56	1:1.84	19.8	5.0	1.2
1.079	60.0	-----	5.14	4.15	8.2	6.2	8.2	6.4	-15.1	0.08	0.89	1.40	2.58	1:1.84	19.3	5.0	1.2
1.070	60.6	-----	5.09	4.24	8.2	6.2	8.2	6.4	-15.1	0.08	0.90	1.39	2.59	1:1.86	19.5	4.9	1.3
1.059	59.0	-----	5.18	4.21	8.2	6.2	8.1	6.3	-15.1	0.08	0.93	1.39	2.59	1:1.86	19.6	5.0	1.2
1.071	59.6	-----	5.02	4.21	8.2	6.2	8.2	6.4	-15.1	0.07	0.91	1.39	2.58	1:1.86	19.2	4.9	1.3
1.074	60.6	-----	5.09	4.24	8.2	6.2	8.2	6.4	-15.1	0.08	0.88	1.39	2.58	1:1.86	19.5	5.0	1.2
1.060	59.5	-----	5.09	4.21	8.2	6.2	8.2	6.3	-15.0	0.08	0.92	1.40	2.60	1:1.86	19.1	4.9	1.3
1.054	59.5	-----	4.95	4.22	8.2	6.2	8.2	6.4	-15.2	0.08	0.88	1.38	2.58	1:1.87	19.1	4.9	1.3
