Minute Volume (lpm)	Tidal Volume (ml)	Base Flow (lpm)	PIF (lpm)	PEF (lpm)	PIP (cmH2O)	PEEP (cmH2O)	IPP (cmH2O)	MAP (cmH2O)	Breath Rate	In. Hold (sec)	Ex. Hold (sec)	In. Time (sec)	Ex. Time (sec)	I:E Ratio	Compliance (ml/cmH2O)	Min Airway Press	Assist Press	Time
8.208	535.8	-----	32.88	29.79	24.3	4.6	22.1	12.7	-15.0	0.00	0.00	1.37	2.63	1:1.92	31.3	4.6	0.0	13:12:00
8.243	536.7	-----	32.75	29.80	24.3	4.6	22.0	12.7	-15.0	0.00	0.00	1.37	2.62	1:1.91	31.3	4.6	0.0
8.268	532.1	-----	33.02	29.80	24.3	4.6	22.2	12.7	-15.1	0.01	0.00	1.39	2.59	1:1.86	30.9	4.6	0.0
8.244	537.7	-----	33.02	29.80	24.3	4.6	22.2	12.7	-15.1	0.01	0.00	1.38	2.60	1:1.88	31.2	4.6	0.0
8.257	535.6	-----	32.75	29.51	24.3	4.6	21.9	12.7	-15.0	0.00	0.00	1.37	2.62	1:1.91	31.6	4.6	0.0
8.269	537.9	-----	33.02	29.41	24.3	4.6	21.9	12.7	-15.0	0.00	0.00	1.37	2.62	1:1.91	31.8	4.6	0.0
8.266	538.9	-----	33.02	29.41	24.3	4.6	21.9	12.7	-15.0	0.00	0.00	1.37	2.62	1:1.91	31.7	4.6	0.0
8.254	538.6	-----	33.16	29.23	24.3	4.6	22.2	12.7	-15.0	0.01	0.00	1.39	2.61	1:1.88	31.3	4.6	0.0
8.332	539.5	-----	32.75	29.41	24.3	4.7	22.1	12.8	-15.1	0.00	0.00	1.37	2.61	1:1.91	31.3	4.7	0.0
8.283	540.9	-----	32.75	29.27	24.3	4.6	22.1	12.7	-15.0	0.01	0.00	1.39	2.61	1:1.88	31.6	4.6	0.0
8.333	541.3	-----	33.16	29.55	24.3	4.7	22.0	12.8	-15.1	0.00	0.00	1.37	2.61	1:1.91	31.6	4.7	0.0
8.294	540.1	-----	32.98	29.55	24.3	4.6	22.1	12.7	-15.0	0.01	0.00	1.39	2.60	1:1.87	31.4	4.6	0.0
8.277	540.8	-----	33.02	29.51	24.3	4.7	22.1	12.7	-15.0	0.01	0.00	1.39	2.61	1:1.88	31.6	4.7	0.0
