Minute Volume (lpm)	Tidal Volume (ml)	Base Flow (lpm)	PIF (lpm)	PEF (lpm)	PIP (cmH2O)	PEEP (cmH2O)	IPP (cmH2O)	MAP (cmH2O)	Breath Rate	In. Hold (sec)	Ex. Hold (sec)	In. Time (sec)	Ex. Time (sec)	I:E Ratio	Compliance (ml/cmH2O)	Min Airway Press	Assist Press	Time
4.638	313.7	-----	21.84	21.14	16.8	4.4	16.6	9.3	-15.0	0.01	0.01	1.37	2.63	1:1.92	25.9	4.4	0.0	13:13:14
4.596	308.9	-----	21.78	20.80	16.8	4.5	16.6	9.4	-15.1	0.02	0.01	1.37	2.61	1:1.91	26.4	4.5	0.0
4.560	307.9	-----	21.48	20.62	16.8	4.6	16.6	9.5	-15.0	0.01	0.00	1.37	2.62	1:1.91	25.8	4.6	0.0
4.517	305.9	-----	21.32	20.52	16.8	4.6	16.6	9.5	-15.0	0.02	0.00	1.38	2.61	1:1.89	25.9	4.6	0.0
4.476	304.5	-----	21.18	20.38	16.8	4.6	16.6	9.5	-15.0	0.02	0.01	1.38	2.62	1:1.90	25.8	4.6	0.0
4.476	303.8	-----	21.15	20.33	16.8	4.7	16.6	9.6	-15.0	0.01	0.00	1.37	2.62	1:1.91	25.7	4.7	0.0
4.464	303.7	-----	21.11	20.34	16.8	4.6	16.6	9.6	-15.0	0.01	0.00	1.38	2.62	1:1.90	25.9	4.6	0.0
4.467	302.7	-----	21.08	20.33	16.8	4.6	16.6	9.6	-15.0	0.02	0.00	1.38	2.61	1:1.89	25.8	4.6	0.0
4.457	301.4	-----	21.12	20.14	16.8	8.5	16.6	9.6	-15.0	0.02	0.00	1.38	2.61	1:1.89	25.7	4.7	3.8
4.441	303.1	-----	21.05	20.18	16.8	8.5	16.6	9.6	-15.0	0.02	0.01	1.38	2.62	1:1.90	25.9	4.7	3.8
4.400	303.4	-----	20.98	20.20	16.8	8.5	16.6	9.6	-15.1	0.01	0.01	1.36	2.62	1:1.93	25.9	4.7	3.8
4.466	302.6	-----	21.04	20.21	16.9	4.7	16.6	9.6	-15.1	0.02	0.00	1.38	2.60	1:1.88	25.6	4.7	0.0
