Minute Volume (lpm)	Tidal Volume (ml)	Base Flow (lpm)	PIF (lpm)	PEF (lpm)	PIP (cmH2O)	PEEP (cmH2O)	IPP (cmH2O)	MAP (cmH2O)	Breath Rate	In. Hold (sec)	Ex. Hold (sec)	In. Time (sec)	Ex. Time (sec)	I:E Ratio	Compliance (ml/cmH2O)	Min Airway Press	Assist Press	Time
1.058	57.9	-----	6.29	4.69	8.0	6.0	8.0	6.2	-15.0	0.07	1.12	1.39	2.60	1:1.87	18.6	4.8	1.2	13:14:47
1.091	59.9	-----	6.36	4.96	8.2	5.9	8.2	6.3	-15.1	0.07	1.09	1.39	2.58	1:1.86	18.1	4.8	1.1
1.102	62.2	-----	6.87	5.05	8.2	6.0	8.2	6.2	-15.1	0.06	1.05	1.39	2.59	1:1.86	19.4	4.8	1.2
1.093	59.8	-----	6.30	4.84	8.2	6.0	8.2	6.2	-15.2	0.07	1.07	1.39	2.56	1:1.84	18.6	4.8	1.2
1.064	57.3	-----	6.51	4.70	8.1	5.9	8.0	6.2	-15.1	0.07	1.13	1.39	2.59	1:1.86	18.4	4.8	1.1
1.081	59.8	-----	6.37	5.02	8.2	5.9	8.2	6.3	-15.2	0.07	1.10	1.38	2.58	1:1.87	18.6	4.8	1.1
1.111	61.0	-----	6.58	5.08	8.2	6.0	8.2	6.3	-15.2	0.07	1.07	1.39	2.56	1:1.84	18.4	4.8	1.2
1.066	58.6	-----	6.40	4.84	8.1	6.0	8.1	6.3	-15.2	0.07	1.10	1.38	2.58	1:1.87	18.9	4.8	1.2
1.086	61.7	-----	6.53	5.03	8.2	5.9	8.2	6.2	-15.1	0.07	1.08	1.39	2.59	1:1.86	18.6	4.7	1.2
1.075	59.8	-----	6.60	4.99	8.2	6.0	8.1	6.2	-15.0	0.07	1.12	1.39	2.60	1:1.87	18.6	4.8	1.2
1.081	58.9	-----	6.48	4.80	8.1	5.9	8.1	6.3	-15.2	0.07	1.09	1.37	2.58	1:1.88	19.0	4.8	1.1
1.080	59.7	-----	6.30	4.85	8.2	5.9	8.1	6.3	-15.1	0.07	1.08	1.39	2.58	1:1.86	18.6	4.8	1.1
1.088	61.5	-----	6.86	5.08	8.2	6.0	8.2	6.2	-15.1	0.07	1.07	1.39	2.59	1:1.86	18.6	4.8	1.2
