Minute Volume (lpm)	Tidal Volume (ml)	Base Flow (lpm)	PIF (lpm)	PEF (lpm)	PIP (cmH2O)	PEEP (cmH2O)	IPP (cmH2O)	MAP (cmH2O)	Breath Rate	In. Hold (sec)	Ex. Hold (sec)	In. Time (sec)	Ex. Time (sec)	I:E Ratio	Compliance (ml/cmH2O)	Min Airway Press	Assist Press	Time
7.562	504.3	-----	29.88	23.62	24.1	5.4	22.2	13.5	-15.0	0.01	0.00	1.39	2.60	1:1.87	30.7	5.4	0.0	13:17:35
7.666	509.3	-----	30.16	24.44	24.0	5.1	22.1	13.2	-15.0	0.01	0.00	1.38	2.61	1:1.89	30.6	5.1	0.0
7.765	512.4	-----	30.43	24.70	23.9	5.0	22.1	13.1	-15.0	0.00	0.00	1.37	2.62	1:1.91	30.5	5.0	0.0
7.810	510.4	-----	30.71	25.12	23.9	4.9	22.0	13.0	-15.0	0.01	0.00	1.39	2.60	1:1.87	30.3	4.9	0.0
7.845	513.5	-----	30.94	25.52	23.9	4.9	22.0	13.0	-15.0	0.01	0.00	1.39	2.60	1:1.87	30.5	4.9	0.0
7.845	512.1	-----	30.98	25.52	23.9	4.8	21.8	12.9	-15.1	0.00	0.00	1.37	2.61	1:1.91	30.8	4.8	0.0
7.849	515.4	-----	30.98	25.66	23.9	4.8	21.8	12.9	-15.0	0.00	0.00	1.37	2.63	1:1.92	31.4	4.8	0.0
7.881	513.9	-----	30.85	25.23	23.9	4.8	21.9	12.9	-15.0	0.01	0.00	1.38	2.61	1:1.89	31.1	4.8	0.0
7.896	513.3	-----	30.85	25.52	23.9	4.8	21.7	12.9	-15.0	0.00	0.00	1.37	2.62	1:1.91	31.4	4.8	0.0
7.920	516.2	-----	31.08	25.52	23.9	4.8	21.8	13.0	-15.1	0.00	0.00	1.37	2.61	1:1.91	31.0	4.8	0.0
7.906	516.9	-----	30.85	25.49	23.9	4.9	21.8	13.0	-15.0	0.00	0.00	1.37	2.62	1:1.91	30.7	4.9	0.0
7.851	517.5	-----	30.94	25.49	23.9	4.7	21.7	12.9	-15.0	0.00	0.00	1.37	2.62	1:1.91	31.1	4.7	0.0
7.902	517.3	-----	30.80	25.23	23.9	4.9	21.7	12.9	-15.0	0.00	0.00	1.38	2.62	1:1.90	31.1	4.9	0.0
7.885	515.6	-----	30.98	25.49	23.8	4.9	21.9	13.0	-15.1	0.01	0.00	1.38	2.60	1:1.88	30.6	4.9	0.0
