Minute Volume (lpm)	Tidal Volume (ml)	Base Flow (lpm)	PIF (lpm)	PEF (lpm)	PIP (cmH2O)	PEEP (cmH2O)	IPP (cmH2O)	MAP (cmH2O)	Breath Rate	In. Hold (sec)	Ex. Hold (sec)	In. Time (sec)	Ex. Time (sec)	I:E Ratio	Compliance (ml/cmH2O)	Min Airway Press	Assist Press	Time
4.458	299.5	-----	20.54	17.36	16.6	4.6	16.3	9.4	-15.0	0.01	0.00	1.37	2.62	1:1.91	25.8	4.6	0.0	13:18:52
4.386	294.1	-----	20.33	17.09	16.6	4.6	16.3	9.6	-15.0	0.02	0.00	1.38	2.61	1:1.89	25.5	4.6	0.0
4.290	293.2	-----	19.93	16.61	16.6	4.7	16.3	9.6	-15.0	0.01	0.01	1.36	2.63	1:1.93	25.7	4.7	0.0
4.291	291.8	-----	19.97	16.67	16.6	4.8	16.4	9.7	-15.0	0.01	0.01	1.37	2.62	1:1.91	25.8	4.8	0.0
4.278	291.3	-----	19.69	16.62	16.6	4.8	16.4	9.7	-15.0	0.01	0.00	1.37	2.62	1:1.91	25.5	4.8	0.0
4.251	290.8	-----	19.55	16.53	16.6	4.8	16.4	9.7	-15.0	0.02	0.00	1.38	2.62	1:1.90	25.5	4.8	0.0
4.266	289.8	-----	19.46	16.43	16.6	4.8	16.5	9.8	-15.1	0.01	0.00	1.37	2.61	1:1.91	25.2	4.8	0.0
4.251	290.4	-----	19.67	16.41	16.6	4.8	16.4	9.8	-15.0	0.02	0.00	1.38	2.61	1:1.89	25.4	4.8	0.0
4.236	290.8	-----	19.62	16.33	16.6	4.8	16.4	9.8	-15.0	0.02	0.00	1.38	2.62	1:1.90	25.5	4.8	0.0
4.234	290.2	-----	19.58	16.44	16.6	4.8	16.3	9.7	-15.0	0.01	0.01	1.37	2.63	1:1.92	25.9	4.8	0.0
4.240	289.2	-----	19.68	16.53	16.6	4.8	16.4	9.8	-15.0	0.02	0.01	1.37	2.62	1:1.91	25.8	4.8	0.0
4.246	287.1	-----	19.75	16.43	16.6	4.8	16.4	9.8	-15.1	0.02	0.00	1.37	2.61	1:1.91	25.1	4.8	0.0
4.257	288.7	-----	19.64	16.33	16.6	4.8	16.4	9.8	-15.1	0.01	0.01	1.37	2.61	1:1.91	25.5	4.8	0.0
4.236	289.2	-----	19.69	16.41	16.6	4.8	16.4	9.8	-15.0	0.02	0.01	1.37	2.62	1:1.91	25.5	4.8	0.0
4.221	289.6	-----	19.72	16.41	16.6	4.8	16.5	9.8	-15.1	0.01	0.00	1.36	2.62	1:1.93	25.1	4.8	0.0
4.230	290.1	-----	19.67	16.47	16.6	4.8	16.4	9.8	-15.0	0.01	0.00	1.37	2.62	1:1.91	25.4	4.8	0.0
4.230	289.3	-----	19.55	16.55	16.6	4.8	16.4	9.8	-15.1	0.02	0.01	1.37	2.60	1:1.90	25.8	4.8	0.0
4.210	289.8	-----	19.58	16.47	16.6	4.8	16.4	9.8	-15.0	0.02	0.01	1.37	2.62	1:1.91	25.8	4.8	0.0
4.218	290.8	-----	19.58	16.44	16.6	4.8	16.4	9.8	-15.0	0.01	0.01	1.37	2.62	1:1.91	25.7	4.8	0.0
4.206	291.2	-----	19.53	16.40	16.6	4.8	16.4	9.8	-15.0	0.02	0.00	1.37	2.62	1:1.91	25.5	4.8	0.0
