Minute Volume (lpm)	Tidal Volume (ml)	Base Flow (lpm)	PIF (lpm)	PEF (lpm)	PIP (cmH2O)	PEEP (cmH2O)	IPP (cmH2O)	MAP (cmH2O)	Breath Rate	In. Hold (sec)	Ex. Hold (sec)	In. Time (sec)	Ex. Time (sec)	I:E Ratio	Compliance (ml/cmH2O)	Min Airway Press	Assist Press	Time
1.166	66.7	-----	6.50	4.98	8.0	5.9	8.0	6.0	-15.0	0.17	0.91	1.38	2.61	1:1.89	20.2	4.6	1.3	13:20:41
1.121	61.7	-----	6.08	4.73	8.1	5.9	8.1	6.2	-15.0	0.14	1.01	1.39	2.60	1:1.87	19.2	4.8	1.1
1.102	59.4	-----	5.73	4.57	8.2	6.0	8.1	6.3	-15.2	0.08	0.97	1.38	2.56	1:1.86	18.5	4.8	1.2
1.077	58.5	-----	5.61	4.46	8.2	6.1	8.2	6.4	-15.1	0.08	0.98	1.40	2.57	1:1.84	18.2	4.9	1.2
1.056	59.5	-----	5.57	4.49	8.2	6.1	8.2	6.4	-15.1	0.07	0.95	1.39	2.59	1:1.86	19.1	4.9	1.2
1.071	60.8	-----	5.46	4.52	8.2	6.2	8.2	6.4	-15.2	0.07	0.92	1.39	2.57	1:1.85	19.6	4.9	1.3
1.057	60.0	-----	5.42	4.36	8.2	6.2	8.2	6.4	-15.2	0.08	0.91	1.39	2.57	1:1.85	19.3	4.9	1.3
1.060	59.9	-----	5.56	4.43	8.2	6.2	8.2	6.4	-15.2	0.07	0.93	1.38	2.57	1:1.86	19.3	4.9	1.3
1.045	59.8	-----	5.54	4.36	8.2	6.2	8.2	6.4	-15.1	0.08	0.94	1.39	2.58	1:1.86	19.2	4.9	1.3
1.032	59.5	-----	5.61	4.35	8.2	6.1	8.2	6.4	-15.1	0.08	0.92	1.39	2.58	1:1.86	18.5	4.9	1.2
1.059	59.9	-----	5.53	4.46	8.2	6.2	8.2	6.4	-15.1	0.07	0.96	1.39	2.59	1:1.86	18.7	4.9	1.3
1.046	58.9	-----	5.73	4.35	8.2	6.2	8.2	6.4	-15.2	0.08	0.94	1.39	2.57	1:1.85	18.4	4.9	1.3
1.050	60.8	-----	5.52	4.42	8.2	6.2	8.2	6.4	-15.1	0.08	0.90	1.39	2.58	1:1.86	19.0	4.8	1.4
1.044	59.1	-----	5.59	4.46	8.3	6.2	8.2	6.4	-15.1	0.08	0.95	1.39	2.58	1:1.86	19.0	4.9	1.3
1.036	58.5	-----	5.58	4.32	8.2	6.1	8.1	6.4	-15.1	0.08	0.96	1.39	2.58	1:1.86	18.8	4.9	1.2
1.037	59.3	-----	5.52	4.47	8.2	6.1	8.2	6.3	-15.1	0.08	0.96	1.39	2.59	1:1.86	19.1	4.9	1.2
1.037	58.9	-----	5.74	4.43	8.2	6.2	8.2	6.3	-15.0	0.08	0.96	1.39	2.60	1:1.87	19.0	4.9	1.3
