Minute Volume (lpm)	Tidal Volume (ml)	Base Flow (lpm)	PIF (lpm)	PEF (lpm)	PIP (cmH2O)	PEEP (cmH2O)	IPP (cmH2O)	MAP (cmH2O)	Breath Rate	In. Hold (sec)	Ex. Hold (sec)	In. Time (sec)	Ex. Time (sec)	I:E Ratio	Compliance (ml/cmH2O)	Min Airway Press	Assist Press	Time
7.196	503.8	-----	27.93	24.58	23.7	5.2	21.9	13.4	-15.1	0.00	0.00	1.37	2.61	1:1.91	30.9	5.2	0.0	13:22:46
7.326	506.7	-----	28.07	24.88	23.7	5.1	21.8	13.2	-15.1	0.01	0.00	1.39	2.59	1:1.86	30.8	5.1	0.0
7.348	511.3	-----	28.15	24.98	23.7	4.9	21.7	13.1	-15.0	0.01	0.00	1.39	2.61	1:1.88	31.3	4.9	0.0
7.409	513.5	-----	28.46	25.12	23.7	4.8	21.7	13.0	-15.0	0.00	0.00	1.37	2.62	1:1.91	30.7	4.8	0.0
7.430	513.3	-----	28.57	25.38	23.7	4.8	21.8	13.0	-15.0	0.01	0.00	1.39	2.60	1:1.87	30.7	4.8	0.0
7.448	514.3	-----	28.46	25.66	23.7	4.8	21.7	12.9	-15.0	0.01	0.00	1.39	2.60	1:1.87	30.7	4.8	0.0
7.463	515.2	-----	28.71	25.66	23.7	4.8	21.7	12.9	-15.0	0.01	0.00	1.39	2.60	1:1.87	30.8	4.8	0.0
7.484	514.9	-----	28.71	25.80	23.7	4.8	21.6	12.9	-15.0	0.01	0.00	1.39	2.60	1:1.87	31.0	4.8	0.0
7.465	515.7	-----	28.71	25.77	23.7	4.8	21.6	12.9	-15.0	0.01	0.00	1.39	2.61	1:1.88	31.2	4.8	0.0
7.465	516.9	-----	28.71	25.77	23.6	4.8	21.5	12.9	-15.0	0.01	0.00	1.39	2.61	1:1.88	31.7	4.8	0.0
7.496	516.6	-----	28.57	25.77	23.7	4.8	21.5	12.9	-15.0	0.00	0.00	1.37	2.62	1:1.91	31.3	4.8	0.0
7.485	517.9	-----	28.54	25.91	23.6	4.7	21.5	12.9	-15.0	0.01	0.00	1.39	2.61	1:1.88	31.5	4.7	0.0
7.500	517.4	-----	28.64	25.91	23.6	4.7	21.5	12.9	-15.0	0.01	0.00	1.39	2.60	1:1.87	31.5	4.7	0.0
7.523	517.9	-----	28.46	25.77	23.5	4.8	21.5	12.8	-15.0	0.01	0.00	1.39	2.60	1:1.87	31.1	4.8	0.0
7.530	519.2	-----	28.83	25.80	23.5	4.8	21.5	12.9	-15.0	0.00	0.00	1.38	2.61	1:1.89	31.2	4.8	0.0
7.530	519.5	-----	28.71	25.80	23.6	4.8	21.5	12.9	-15.0	0.00	0.00	1.38	2.61	1:1.89	31.4	4.8	0.0
7.527	520.1	-----	28.71	25.80	23.5	4.8	21.5	12.9	-15.0	0.00	0.00	1.38	2.62	1:1.90	31.7	4.8	0.0
