Minute Volume (lpm)	Tidal Volume (ml)	Base Flow (lpm)	PIF (lpm)	PEF (lpm)	PIP (cmH2O)	PEEP (cmH2O)	IPP (cmH2O)	MAP (cmH2O)	Breath Rate	In. Hold (sec)	Ex. Hold (sec)	In. Time (sec)	Ex. Time (sec)	I:E Ratio	Compliance (ml/cmH2O)	Min Airway Press	Assist Press	Time
4.505	305.4	-----	20.33	17.80	16.6	4.3	16.2	9.2	-15.0	0.01	0.00	1.37	2.62	1:1.91	26.1	4.3	0.0	13:24:11
4.429	300.9	-----	20.07	17.28	16.6	4.6	16.3	9.4	-15.0	0.01	0.00	1.38	2.62	1:1.90	25.9	4.6	0.0
4.348	296.7	-----	19.65	16.69	16.6	4.6	16.4	9.5	-15.0	0.02	0.01	1.38	2.62	1:1.90	25.8	4.6	0.0
4.296	291.6	-----	19.31	15.98	16.6	4.8	16.4	9.6	-15.0	0.02	0.01	1.38	2.61	1:1.89	25.5	4.8	0.0
4.246	291.4	-----	19.12	15.76	16.6	4.8	16.4	9.8	-15.0	0.02	0.01	1.38	2.61	1:1.89	25.5	4.8	0.0
4.227	292.2	-----	18.90	15.81	16.6	4.8	16.4	9.8	-15.0	0.02	0.01	1.38	2.61	1:1.89	25.8	4.8	0.0
4.219	291.4	-----	18.94	15.79	16.6	4.8	16.4	9.7	-15.0	0.02	0.01	1.38	2.61	1:1.89	25.7	4.8	0.0
4.216	290.9	-----	18.89	15.74	16.6	4.8	16.4	9.8	-15.0	0.02	0.00	1.38	2.61	1:1.89	25.5	4.8	0.0
4.198	292.2	-----	19.00	15.76	16.6	4.8	16.4	9.8	-15.0	0.01	0.00	1.38	2.62	1:1.90	25.8	4.8	0.0
4.215	288.3	-----	18.94	15.79	16.6	4.9	16.4	9.7	-15.0	0.02	0.01	1.38	2.61	1:1.89	25.5	4.9	0.0
4.203	290.8	-----	19.04	15.70	16.6	4.8	16.4	9.8	-15.0	0.02	0.00	1.38	2.61	1:1.89	25.5	4.8	0.0
4.194	291.8	-----	19.08	15.60	16.6	4.8	16.4	9.8	-15.0	0.02	0.01	1.38	2.62	1:1.90	25.8	4.8	0.0
4.204	289.4	-----	18.79	15.70	16.6	4.8	16.4	9.8	-15.0	0.01	0.00	1.37	2.62	1:1.91	25.3	4.8	0.0
4.184	291.1	-----	18.91	15.77	16.6	4.8	16.4	9.8	-15.0	0.01	0.00	1.38	2.61	1:1.89	25.5	4.8	0.0
4.168	290.9	-----	18.89	15.81	16.6	4.8	16.4	9.8	-15.0	0.01	0.00	1.37	2.62	1:1.91	25.5	4.8	0.0
4.200	291.0	-----	18.89	15.65	16.6	4.8	16.4	9.8	-15.0	0.01	0.00	1.38	2.61	1:1.89	25.5	4.8	0.0
