Minute Volume (lpm)	Tidal Volume (ml)	Base Flow (lpm)	PIF (lpm)	PEF (lpm)	PIP (cmH2O)	PEEP (cmH2O)	IPP (cmH2O)	MAP (cmH2O)	Breath Rate	In. Hold (sec)	Ex. Hold (sec)	In. Time (sec)	Ex. Time (sec)	I:E Ratio	Compliance (ml/cmH2O)	Min Airway Press	Assist Press	Time
1.245	69.6	-----	5.83	5.02	8.2	5.9	8.1	6.0	-15.0	0.07	0.89	1.39	2.60	1:1.87	21.0	4.6	1.3	13:25:40
1.154	63.6	-----	5.57	4.71	8.2	5.9	8.2	6.2	-15.0	0.07	0.95	1.39	2.60	1:1.87	19.2	4.8	1.1
1.103	61.3	-----	5.43	4.52	8.2	6.0	8.2	6.3	-15.2	0.08	0.94	1.39	2.57	1:1.85	19.1	4.9	1.1
1.062	58.3	-----	5.18	4.33	8.2	6.1	8.2	6.4	-15.1	0.08	0.94	1.40	2.57	1:1.84	18.8	5.0	1.1
1.041	58.5	-----	5.07	4.26	8.3	6.2	8.3	6.4	-15.1	0.08	0.92	1.40	2.57	1:1.84	18.2	5.0	1.2
1.028	59.5	-----	5.11	4.36	8.2	6.2	8.2	6.4	-15.0	0.08	0.95	1.39	2.60	1:1.87	19.1	5.0	1.2
1.032	59.4	-----	5.03	4.33	8.2	6.2	8.2	6.4	-15.1	0.08	0.92	1.39	2.58	1:1.86	19.1	4.9	1.3
1.043	59.8	-----	4.88	4.18	8.2	6.2	8.2	6.4	-15.1	0.08	0.92	1.40	2.58	1:1.84	19.2	5.0	1.2
1.022	59.0	-----	5.09	4.25	8.2	6.2	8.2	6.4	-15.2	0.08	0.93	1.38	2.58	1:1.87	19.0	5.0	1.2
1.041	59.7	-----	4.99	4.32	8.2	6.2	8.2	6.4	-15.1	0.07	0.92	1.39	2.58	1:1.86	19.2	4.9	1.3
1.029	59.7	-----	5.04	4.32	8.2	6.2	8.2	6.4	-15.1	0.08	0.91	1.39	2.58	1:1.86	18.6	4.9	1.3
1.052	59.8	-----	5.04	4.38	8.2	6.2	8.2	6.4	-15.1	0.08	0.92	1.40	2.58	1:1.84	18.6	5.0	1.2
1.034	59.1	-----	5.11	4.29	8.2	6.2	8.2	6.4	-15.0	0.09	0.95	1.40	2.59	1:1.85	18.4	4.9	1.3
1.028	58.4	-----	5.01	4.28	8.2	6.2	8.2	6.4	-15.1	0.08	0.97	1.39	2.59	1:1.86	18.8	4.9	1.3
1.030	58.9	-----	4.93	4.23	8.2	6.2	8.2	6.3	-15.0	0.08	0.97	1.39	2.61	1:1.88	19.0	4.9	1.3
1.040	57.9	-----	5.07	4.23	8.2	6.2	8.2	6.4	-15.2	0.08	0.95	1.39	2.57	1:1.85	18.6	5.0	1.2
1.039	59.9	-----	5.07	4.25	8.2	6.2	8.2	6.4	-15.1	0.08	0.91	1.39	2.58	1:1.86	18.7	5.0	1.2
