Minute Volume (lpm)	Tidal Volume (ml)	Base Flow (lpm)	PIF (lpm)	PEF (lpm)	PIP (cmH2O)	PEEP (cmH2O)	IPP (cmH2O)	MAP (cmH2O)	Breath Rate	In. Hold (sec)	Ex. Hold (sec)	In. Time (sec)	Ex. Time (sec)	I:E Ratio	Compliance (ml/cmH2O)	Min Airway Press	Assist Press	Time
7.139	506.4	-----	26.75	23.02	24.1	5.7	22.2	13.9	-15.1	0.00	0.00	1.38	2.60	1:1.88	30.8	5.7	0.0	13:28:48
7.285	517.9	-----	27.68	24.67	24.0	5.2	22.1	13.4	-15.0	0.01	0.00	1.40	2.60	1:1.86	31.0	5.2	0.0
7.430	520.5	-----	28.32	25.09	24.0	4.8	21.9	13.1	-15.1	0.00	0.00	1.37	2.61	1:1.91	31.1	4.8	0.0
7.529	525.5	-----	28.57	25.77	23.9	4.7	21.8	13.0	-15.0	0.01	0.00	1.39	2.60	1:1.87	30.9	4.7	0.0
7.573	522.2	-----	28.83	25.91	23.9	4.6	21.8	12.8	-15.1	0.00	0.00	1.37	2.61	1:1.91	30.8	4.6	0.0
7.575	526.5	-----	28.83	26.31	23.9	4.6	21.8	12.7	-15.0	0.01	0.00	1.38	2.61	1:1.89	30.9	4.6	0.0
7.570	524.9	-----	28.83	26.31	23.9	4.6	21.6	12.7	-15.1	0.00	0.00	1.36	2.62	1:1.93	31.4	4.6	0.0
7.633	528.3	-----	28.83	26.31	23.9	4.6	21.6	12.7	-15.0	0.00	0.00	1.37	2.62	1:1.91	31.2	4.6	0.0
7.603	528.9	-----	28.83	26.48	23.9	4.6	21.6	12.7	-15.0	0.00	0.00	1.37	2.62	1:1.91	31.2	4.6	0.0
7.645	529.1	-----	28.83	26.31	23.8	4.6	21.7	12.7	-15.0	0.01	0.00	1.39	2.60	1:1.87	31.1	4.6	0.0
7.654	529.3	-----	29.10	26.34	23.8	4.6	21.6	12.7	-15.0	0.00	0.00	1.38	2.61	1:1.89	31.3	4.6	0.0
7.663	530.1	-----	29.10	26.34	23.8	4.6	21.5	12.7	-15.0	0.01	0.00	1.39	2.60	1:1.87	31.5	4.6	0.0
