Minute Volume (lpm)	Tidal Volume (ml)	Base Flow (lpm)	PIF (lpm)	PEF (lpm)	PIP (cmH2O)	PEEP (cmH2O)	IPP (cmH2O)	MAP (cmH2O)	Breath Rate	In. Hold (sec)	Ex. Hold (sec)	In. Time (sec)	Ex. Time (sec)	I:E Ratio	Compliance (ml/cmH2O)	Min Airway Press	Assist Press	Time
1.398	84.6	-----	7.74	6.48	8.1	5.6	8.1	5.7	-15.0	0.06	0.82	1.36	2.63	1:1.93	21.6	4.1	1.5	13:30:55
1.341	80.1	-----	7.51	6.15	8.1	5.5	8.1	5.8	-15.0	0.07	0.85	1.37	2.62	1:1.91	21.0	4.2	1.3
1.287	75.2	-----	7.14	6.07	8.2	5.6	8.1	5.9	-15.0	0.06	0.93	1.38	2.62	1:1.90	21.4	4.4	1.2
1.254	73.2	-----	6.95	5.70	8.2	5.7	8.2	6.0	-15.2	0.06	0.88	1.37	2.59	1:1.89	20.9	4.5	1.2
1.222	73.6	-----	7.09	5.76	8.2	5.7	8.2	6.1	-15.1	0.07	0.88	1.37	2.60	1:1.90	20.4	4.6	1.1
1.203	72.9	-----	6.64	5.62	8.2	5.8	8.2	6.1	-15.0	0.06	0.90	1.38	2.61	1:1.89	20.8	4.6	1.2
1.209	73.9	-----	6.64	5.73	8.2	5.8	8.2	6.1	-15.2	0.06	0.83	1.37	2.59	1:1.89	20.5	4.6	1.2
1.206	73.7	-----	6.84	5.65	8.2	5.8	8.2	6.1	-15.1	0.07	0.85	1.38	2.59	1:1.88	19.9	4.5	1.3
1.195	73.0	-----	6.93	5.69	8.2	5.8	8.2	6.0	-15.1	0.06	0.88	1.37	2.61	1:1.91	20.2	4.5	1.3
1.215	73.6	-----	6.96	5.83	8.2	5.8	8.2	6.1	-15.1	0.06	0.86	1.38	2.59	1:1.88	20.4	4.6	1.2
1.195	74.0	-----	6.93	5.63	8.2	5.8	8.2	6.0	-15.1	0.07	0.88	1.37	2.61	1:1.91	20.5	4.5	1.3
1.206	72.5	-----	6.97	5.59	8.2	5.8	8.2	6.0	-15.1	0.06	0.90	1.37	2.60	1:1.90	19.5	4.5	1.3
1.201	73.4	-----	6.86	5.72	8.2	5.8	8.2	6.1	-15.1	0.06	0.87	1.37	2.60	1:1.90	20.3	4.5	1.3
1.209	73.2	-----	6.86	5.72	8.2	5.8	8.2	6.0	-15.1	0.06	0.88	1.37	2.61	1:1.91	20.3	4.5	1.3
1.190	73.4	-----	6.74	5.59	8.2	5.7	8.2	6.0	-15.1	0.06	0.86	1.37	2.60	1:1.90	20.3	4.6	1.1
1.216	73.6	-----	7.04	5.80	8.2	5.8	8.2	6.0	-15.1	0.07	0.87	1.38	2.59	1:1.88	20.4	4.6	1.2
1.201	74.0	-----	6.58	5.83	8.2	5.8	8.2	6.0	-15.0	0.07	0.85	1.38	2.61	1:1.89	20.5	4.5	1.3
1.201	73.2	-----	7.02	5.82	8.2	5.7	8.2	6.1	-15.1	0.06	0.87	1.37	2.60	1:1.90	20.3	4.5	1.2
1.189	73.4	-----	6.97	5.69	8.2	5.8	8.2	6.0	-15.1	0.06	0.86	1.37	2.61	1:1.91	20.3	4.6	1.2
1.190	71.6	-----	6.93	5.65	8.2	5.8	8.2	6.0	-15.1	0.07	0.89	1.38	2.60	1:1.88	19.8	4.5	1.3
