Minute Volume (lpm)	Tidal Volume (ml)	Base Flow (lpm)	PIF (lpm)	PEF (lpm)	PIP (cmH2O)	PEEP (cmH2O)	IPP (cmH2O)	MAP (cmH2O)	Breath Rate	In. Hold (sec)	Ex. Hold (sec)	In. Time (sec)	Ex. Time (sec)	I:E Ratio	Compliance (ml/cmH2O)	Min Airway Press	Assist Press	Time
1.547	91.6	-----	19.61	18.00	27.6	7.5	27.6	12.9	-15.1	0.33	1.69	1.36	2.61	1:1.92	3.9	4.2	3.3	13:41:42
1.548	93.0	-----	19.89	18.18	27.8	4.2	27.8	12.9	-15.1	0.32	1.71	1.37	2.61	1:1.91	3.9	4.2	0.0
1.536	93.4	-----	19.97	18.26	27.7	7.6	27.7	12.9	-15.0	0.35	1.71	1.37	2.63	1:1.92	4.0	4.2	3.4
1.527	93.3	-----	19.72	18.07	27.7	7.5	27.7	12.9	-15.1	0.34	1.71	1.36	2.62	1:1.93	3.9	4.2	3.3
1.522	93.0	-----	19.41	18.00	27.7	7.5	27.7	12.9	-15.1	0.34	1.71	1.36	2.62	1:1.93	3.9	4.2	3.3
1.534	93.5	-----	19.61	18.32	27.8	7.6	27.8	12.9	-15.0	0.34	1.71	1.36	2.64	1:1.94	3.9	4.2	3.4
1.508	93.8	-----	19.72	18.18	27.6	7.5	27.6	12.9	-15.0	0.33	1.71	1.35	2.64	1:1.96	4.0	4.2	3.3
1.536	93.5	-----	19.66	18.19	27.7	7.5	27.7	12.9	-15.0	0.32	1.72	1.35	2.64	1:1.96	4.0	4.1	3.4
1.539	93.5	-----	19.65	18.32	27.7	4.2	27.7	12.9	-15.1	0.35	1.70	1.36	2.62	1:1.93	4.0	4.2	0.0
1.551	93.5	-----	19.38	18.18	27.7	4.2	27.7	12.9	-15.1	0.30	1.70	1.36	2.62	1:1.93	4.0	4.2	0.0
