Minute Volume (lpm)	Tidal Volume (ml)	Base Flow (lpm)	PIF (lpm)	PEF (lpm)	PIP (cmH2O)	PEEP (cmH2O)	IPP (cmH2O)	MAP (cmH2O)	Breath Rate	In. Hold (sec)	Ex. Hold (sec)	In. Time (sec)	Ex. Time (sec)	I:E Ratio	Compliance (ml/cmH2O)	Min Airway Press	Assist Press	Time
0.166	6.9	-----	4.35	2.73	7.6	5.7	7.6	6.3	-15.0	1.07	2.40	1.37	2.62	1:1.91	2.3	4.6	1.1	13:43:51
0.154	6.2	-----	4.42	2.74	7.5	5.8	7.5	6.3	-15.0	1.10	2.41	1.38	2.61	1:1.89	-----	4.6	1.2
0.154	6.3	-----	4.37	2.64	7.5	5.8	7.5	6.4	-15.0	1.09	2.41	1.38	2.62	1:1.90	-----	4.5	1.3
0.153	6.2	-----	4.11	2.79	7.5	5.8	7.5	6.4	-15.0	1.09	2.41	1.38	2.61	1:1.89	-----	4.5	1.3
0.150	6.3	-----	4.41	2.74	7.6	5.8	7.6	6.3	-15.0	1.10	2.40	1.38	2.61	1:1.89	2.1	4.6	1.2
0.148	6.4	-----	4.13	2.73	7.5	5.8	7.5	6.3	-15.0	1.10	2.41	1.38	2.62	1:1.90	-----	4.6	1.2
0.152	6.2	-----	4.28	2.53	7.6	5.8	7.6	6.3	-15.1	1.09	2.41	1.37	2.61	1:1.91	2.0	4.4	1.4
0.157	6.0	-----	4.35	2.62	7.6	5.8	7.6	6.3	-15.0	1.08	2.41	1.38	2.61	1:1.89	2.0	4.6	1.2
0.156	5.6	-----	4.19	2.39	7.6	5.8	7.6	6.3	-15.0	1.09	2.42	1.39	2.61	1:1.88	-----	4.6	1.2
0.153	5.9	-----	4.49	2.66	7.6	5.8	7.6	6.3	-15.0	1.09	2.41	1.38	2.61	1:1.89	1.9	4.6	1.2
0.154	5.6	-----	4.25	2.50	7.5	5.8	7.5	6.3	-15.0	1.09	2.41	1.39	2.60	1:1.87	-----	4.6	1.2
0.151	5.9	-----	4.20	2.63	7.5	5.8	7.5	6.3	-15.0	1.09	2.41	1.38	2.61	1:1.89	-----	4.6	1.2
0.153	6.2	-----	4.13	2.59	7.6	5.7	7.6	6.3	-15.0	1.09	2.40	1.38	2.61	1:1.89	2.0	4.5	1.2
0.150	5.6	-----	4.26	2.62	7.6	5.8	7.6	6.3	-15.0	1.11	2.42	1.39	2.61	1:1.88	-----	4.6	1.2
0.151	6.1	-----	4.17	2.64	7.6	5.8	7.6	6.3	-15.0	1.09	2.41	1.38	2.61	1:1.89	-----	4.6	1.2
0.153	6.2	-----	4.26	2.57	7.5	5.8	7.5	6.3	-15.0	1.09	2.41	1.38	2.62	1:1.90	-----	4.6	1.2
0.150	6.0	-----	4.33	2.53	7.4	5.8	7.4	6.3	-15.0	1.10	2.41	1.38	2.61	1:1.89	-----	4.6	1.2
0.151	6.0	-----	4.33	2.56	7.4	5.8	7.4	6.3	-15.0	1.10	2.41	1.39	2.61	1:1.88	-----	4.6	1.2
