Minute Volume (lpm)	Tidal Volume (ml)	Base Flow (lpm)	PIF (lpm)	PEF (lpm)	PIP (cmH2O)	PEEP (cmH2O)	IPP (cmH2O)	MAP (cmH2O)	Breath Rate	In. Hold (sec)	Ex. Hold (sec)	In. Time (sec)	Ex. Time (sec)	I:E Ratio	Compliance (ml/cmH2O)	Min Airway Press	Assist Press	Time
1.595	97.7	-----	25.52	24.65	28.0	6.8	28.0	13.0	-15.0	0.48	1.91	1.36	2.63	1:1.93	4.1	4.4	2.4	13:46:17
1.599	97.9	-----	26.70	24.47	28.1	4.4	28.1	13.0	-15.0	0.48	1.93	1.36	2.64	1:1.94	4.1	4.4	0.0
1.607	97.8	-----	26.70	24.73	28.1	6.6	28.1	13.0	-15.1	0.49	1.92	1.36	2.62	1:1.93	4.1	4.3	2.3
1.608	98.2	-----	26.82	25.02	28.1	6.7	28.1	12.9	-15.0	0.46	1.93	1.35	2.65	1:1.96	4.1	4.4	2.3
1.612	98.1	-----	26.70	24.54	28.1	4.4	28.1	13.0	-15.0	0.46	1.93	1.35	2.64	1:1.96	4.1	4.4	0.0
1.607	98.3	-----	26.03	24.65	28.0	4.4	28.0	13.0	-15.0	0.48	1.92	1.36	2.63	1:1.93	4.2	4.4	0.0
1.615	98.1	-----	26.42	24.61	28.1	6.7	28.1	13.0	-15.0	0.46	1.93	1.36	2.63	1:1.93	4.1	4.4	2.3
1.613	98.4	-----	26.82	24.77	28.1	4.4	28.1	12.9	-15.0	0.46	1.93	1.35	2.64	1:1.96	4.1	4.4	0.0
1.619	98.6	-----	26.03	25.05	28.1	4.4	28.1	12.9	-15.0	0.45	1.92	1.36	2.63	1:1.93	4.1	4.4	0.0
1.612	98.6	-----	26.82	24.65	28.1	4.4	28.1	12.9	-15.0	0.46	1.92	1.36	2.64	1:1.94	4.2	4.4	0.0
1.613	98.1	-----	26.70	24.80	28.1	4.4	28.1	12.9	-15.0	0.46	1.94	1.35	2.64	1:1.96	4.1	4.4	0.0
1.621	98.6	-----	26.92	25.05	28.1	4.4	28.1	13.0	-15.1	0.47	1.90	1.36	2.61	1:1.92	4.1	4.4	0.0
1.613	98.5	-----	26.03	24.77	28.1	6.6	28.1	13.0	-15.0	0.46	1.92	1.36	2.63	1:1.93	4.1	4.4	2.2
1.584	98.8	-----	26.31	24.61	28.1	6.6	28.1	12.9	-15.0	0.47	1.91	1.35	2.64	1:1.96	4.2	4.4	2.2
1.569	98.4	-----	27.09	24.65	28.1	4.4	28.1	12.9	-15.1	0.46	1.94	1.34	2.64	1:1.97	4.2	4.4	0.0
1.600	98.5	-----	26.31	24.77	28.1	4.4	28.1	12.9	-15.0	0.49	1.94	1.36	2.64	1:1.94	4.2	4.4	0.0
