Minute Volume (lpm)	Tidal Volume (ml)	Base Flow (lpm)	PIF (lpm)	PEF (lpm)	PIP (cmH2O)	PEEP (cmH2O)	IPP (cmH2O)	MAP (cmH2O)	Breath Rate	In. Hold (sec)	Ex. Hold (sec)	In. Time (sec)	Ex. Time (sec)	I:E Ratio	Compliance (ml/cmH2O)	Min Airway Press	Assist Press	Time
0.823	51.7	-----	15.24	13.82	17.7	6.2	17.7	9.7	-15.0	0.80	2.05	1.36	2.64	1:1.94	3.9	4.4	1.8	13:47:46
0.810	50.2	-----	15.25	13.55	17.7	6.2	17.7	9.7	-15.0	0.81	2.05	1.35	2.64	1:1.96	3.8	4.4	1.8
0.810	50.5	-----	15.28	13.46	17.7	6.1	17.7	9.7	-15.0	0.81	2.04	1.35	2.64	1:1.96	3.8	4.4	1.7
0.802	49.6	-----	15.24	13.38	17.7	6.1	17.7	9.6	-15.1	0.81	2.05	1.35	2.63	1:1.95	3.7	4.4	1.7
0.810	49.6	-----	14.90	13.11	17.7	4.3	17.7	9.7	-15.0	0.81	2.05	1.36	2.63	1:1.93	3.7	4.3	0.0
0.796	49.6	-----	14.77	12.96	17.7	6.2	17.7	9.6	-15.0	0.81	2.05	1.35	2.64	1:1.96	3.8	4.4	1.8
0.796	50.0	-----	15.06	13.56	17.7	6.2	17.7	9.7	-15.0	0.82	2.06	1.35	2.64	1:1.96	3.8	4.4	1.8
0.804	49.3	-----	15.17	13.21	17.7	6.2	17.7	9.7	-15.0	0.81	2.06	1.35	2.64	1:1.96	3.7	4.4	1.8
0.802	49.9	-----	14.80	13.35	17.7	6.2	17.7	9.7	-15.0	0.81	2.06	1.36	2.64	1:1.94	3.8	4.5	1.7
0.811	49.6	-----	15.14	13.21	17.8	4.5	17.8	9.7	-15.1	0.78	2.04	1.35	2.63	1:1.95	3.8	4.5	0.0
0.798	49.7	-----	15.06	13.14	17.7	6.2	17.7	9.7	-15.0	0.81	2.06	1.35	2.65	1:1.96	3.7	4.5	1.7
0.806	48.6	-----	14.66	13.01	17.7	6.1	17.7	9.7	-15.1	0.79	2.05	1.34	2.64	1:1.97	3.7	4.5	1.6
0.811	50.0	-----	15.08	13.16	17.8	6.2	17.8	9.7	-15.0	0.78	2.06	1.35	2.65	1:1.96	3.8	4.4	1.8
