Minute Volume (lpm)	Tidal Volume (ml)	Base Flow (lpm)	PIF (lpm)	PEF (lpm)	PIP (cmH2O)	PEEP (cmH2O)	IPP (cmH2O)	MAP (cmH2O)	Breath Rate	In. Hold (sec)	Ex. Hold (sec)	In. Time (sec)	Ex. Time (sec)	I:E Ratio	Compliance (ml/cmH2O)	Min Airway Press	Assist Press	Time
0.168	9.5	-----	5.16	2.73	7.9	5.5	7.9	6.3	-15.0	1.13	2.30	1.39	2.60	1:1.87	3.1	4.5	1.0	13:49:01
0.175	9.4	-----	5.36	2.81	7.9	5.4	7.9	6.3	-15.0	1.13	2.30	1.39	2.60	1:1.87	2.9	4.6	0.8
0.178	9.9	-----	5.20	2.88	8.0	5.4	8.0	6.2	-15.0	1.11	2.29	1.39	2.60	1:1.87	3.0	4.6	0.8
0.183	10.3	-----	5.09	2.74	8.0	5.3	8.0	6.3	-15.0	1.11	2.28	1.39	2.60	1:1.87	3.1	4.6	0.7
0.180	10.1	-----	5.32	2.95	8.0	5.4	8.0	6.3	-15.0	1.11	2.30	1.39	2.61	1:1.88	3.0	4.6	0.8
0.180	9.8	-----	5.18	2.67	7.9	5.4	7.9	6.2	-15.0	1.12	2.30	1.39	2.61	1:1.88	3.2	4.6	0.8
0.177	9.7	-----	5.22	2.95	8.0	5.4	8.0	6.3	-15.0	1.12	2.30	1.39	2.60	1:1.87	2.9	4.6	0.8
0.180	10.3	-----	5.09	2.89	8.0	5.4	8.0	6.3	-15.0	1.11	2.29	1.39	2.61	1:1.88	3.2	4.6	0.8
0.184	9.9	-----	5.24	2.85	8.0	5.4	8.0	6.3	-15.0	1.10	2.30	1.38	2.61	1:1.89	3.0	4.6	0.8
0.181	9.1	-----	5.11	2.81	8.0	5.4	8.0	6.3	-15.0	1.11	2.31	1.39	2.60	1:1.87	2.8	4.5	0.9
0.178	9.5	-----	5.31	2.85	8.0	5.3	8.0	6.2	-15.0	1.12	2.30	1.39	2.60	1:1.87	2.7	4.5	0.8
0.177	9.8	-----	5.17	2.77	7.9	5.3	7.9	6.2	-15.0	1.13	2.29	1.40	2.60	1:1.86	3.0	4.6	0.7
0.174	9.5	-----	5.28	2.68	7.9	5.4	7.9	6.2	-15.0	1.12	2.29	1.39	2.60	1:1.87	2.9	4.6	0.8
