Minute Volume (lpm)	Tidal Volume (ml)	Base Flow (lpm)	PIF (lpm)	PEF (lpm)	PIP (cmH2O)	PEEP (cmH2O)	IPP (cmH2O)	MAP (cmH2O)	Breath Rate	In. Hold (sec)	Ex. Hold (sec)	In. Time (sec)	Ex. Time (sec)	I:E Ratio	Compliance (ml/cmH2O)	Min Airway Press	Assist Press	Time
3.415	208.9	-----	33.21	37.94	38.2	4.4	38.0	16.3	-15.0	0.02	1.56	1.36	2.63	1:1.93	6.2	4.4	0.0	13:50:34
3.441	212.2	-----	33.68	38.32	38.2	4.4	38.1	16.2	-15.0	0.02	1.55	1.36	2.64	1:1.94	6.3	4.4	0.0
3.416	213.3	-----	33.55	38.27	38.2	7.6	38.2	16.2	-15.0	0.03	1.55	1.35	2.64	1:1.96	6.3	4.4	3.2
3.483	214.6	-----	33.64	38.27	38.2	4.4	38.2	16.3	-15.1	0.02	1.53	1.35	2.63	1:1.95	6.3	4.4	0.0
3.480	215.1	-----	33.78	38.46	38.2	4.3	38.1	16.2	-15.0	0.02	1.54	1.36	2.64	1:1.94	6.4	4.3	0.0
3.493	216.8	-----	33.39	38.32	38.2	7.9	38.2	16.2	-15.0	0.02	1.52	1.35	2.65	1:1.96	6.4	4.3	3.6
3.518	216.8	-----	33.64	38.37	38.2	4.4	38.2	16.3	-15.1	0.02	1.50	1.35	2.63	1:1.95	6.4	4.4	0.0
3.517	217.8	-----	33.41	38.46	38.2	4.3	38.2	16.3	-15.0	0.03	1.50	1.36	2.63	1:1.93	6.5	4.3	0.0
3.539	216.9	-----	33.82	38.27	38.2	4.3	38.2	16.3	-15.1	0.02	1.50	1.35	2.63	1:1.95	6.4	4.3	0.0
3.535	219.2	-----	33.59	38.51	38.2	4.4	38.2	16.3	-15.0	0.02	1.50	1.35	2.64	1:1.96	6.5	4.4	0.0
3.509	219.6	-----	34.05	38.41	38.2	7.9	38.2	16.3	-15.1	0.02	1.47	1.35	2.63	1:1.95	6.5	4.4	3.5
3.554	219.7	-----	33.96	38.41	38.2	7.9	38.2	16.3	-15.1	0.02	1.48	1.35	2.63	1:1.95	6.5	4.4	3.5
3.524	220.3	-----	34.19	38.54	38.2	4.3	38.2	16.3	-15.1	0.02	1.47	1.35	2.63	1:1.95	6.5	4.3	0.0
3.559	221.3	-----	33.68	38.51	38.2	8.0	38.2	16.2	-15.0	0.02	1.46	1.36	2.64	1:1.94	6.5	4.4	3.6
3.568	221.0	-----	34.10	38.41	38.2	4.4	38.2	16.3	-15.0	0.02	1.48	1.35	2.64	1:1.96	6.5	4.4	0.0
3.578	221.2	-----	33.96	38.70	38.2	4.4	38.2	16.2	-15.0	0.02	1.47	1.36	2.63	1:1.93	6.5	4.4	0.0
3.570	221.8	-----	33.96	38.32	38.2	4.4	38.2	16.2	-15.0	0.02	1.48	1.36	2.64	1:1.94	6.5	4.4	0.0
3.550	222.8	-----	33.68	38.70	38.2	4.3	38.2	16.3	-15.1	0.02	1.45	1.35	2.63	1:1.95	6.5	4.3	0.0
3.592	222.8	-----	34.23	38.65	38.2	4.3	38.2	16.3	-15.0	0.02	1.45	1.36	2.63	1:1.93	6.6	4.3	0.0
