Minute Volume (lpm)	Tidal Volume (ml)	Base Flow (lpm)	PIF (lpm)	PEF (lpm)	PIP (cmH2O)	PEEP (cmH2O)	IPP (cmH2O)	MAP (cmH2O)	Breath Rate	In. Hold (sec)	Ex. Hold (sec)	In. Time (sec)	Ex. Time (sec)	I:E Ratio	Compliance (ml/cmH2O)	Min Airway Press	Assist Press	Time
1.711	99.7	-----	24.62	22.06	27.6	4.6	27.6	13.3	-15.0	0.33	1.86	1.36	2.63	1:1.93	4.3	4.6	0.0	13:52:54
1.698	100.4	-----	23.83	22.46	27.7	4.6	27.7	13.2	-15.0	0.31	1.90	1.36	2.64	1:1.94	4.3	4.6	0.0
1.705	101.2	-----	24.74	22.86	27.6	4.4	27.6	13.1	-15.0	0.33	1.90	1.36	2.64	1:1.94	4.4	4.4	0.0
1.715	101.8	-----	24.84	23.43	27.6	7.2	27.6	13.0	-15.0	0.34	1.90	1.36	2.63	1:1.93	4.4	4.3	2.9
1.714	101.8	-----	24.45	23.57	27.6	7.2	27.6	13.0	-15.0	0.34	1.90	1.36	2.64	1:1.94	4.4	4.3	2.9
1.723	102.0	-----	24.05	23.03	27.6	4.3	27.6	13.0	-15.0	0.32	1.89	1.36	2.63	1:1.93	4.3	4.3	0.0
1.723	102.3	-----	24.62	23.43	27.7	7.1	27.7	13.0	-15.0	0.32	1.90	1.37	2.63	1:1.92	4.4	4.3	2.8
1.719	102.2	-----	24.98	23.40	27.6	4.3	27.6	12.9	-15.0	0.34	1.90	1.36	2.64	1:1.94	4.4	4.3	0.0
1.718	102.2	-----	24.84	23.40	27.5	4.3	27.5	12.9	-15.0	0.35	1.89	1.36	2.63	1:1.93	4.4	4.3	0.0
1.719	102.3	-----	24.98	23.71	27.6	7.1	27.6	12.9	-15.0	0.33	1.90	1.36	2.64	1:1.94	4.4	4.3	2.8
1.712	102.2	-----	24.58	23.54	27.6	4.2	27.6	12.9	-15.0	0.33	1.89	1.35	2.64	1:1.96	4.4	4.2	0.0
1.693	102.0	-----	24.58	22.89	27.6	4.3	27.6	12.9	-15.0	0.34	1.90	1.35	2.64	1:1.96	4.4	4.3	0.0
1.708	102.1	-----	24.31	23.40	27.6	7.0	27.6	12.9	-15.0	0.34	1.90	1.35	2.64	1:1.96	4.4	4.3	2.7
1.708	102.0	-----	24.05	23.43	27.5	7.1	27.5	13.0	-15.0	0.36	1.89	1.36	2.63	1:1.93	4.3	4.3	2.8
1.696	102.0	-----	24.05	22.97	27.6	7.1	27.6	12.9	-15.0	0.35	1.89	1.36	2.63	1:1.93	4.3	4.2	2.9
1.711	102.0	-----	23.95	22.83	27.5	4.3	27.5	12.9	-15.0	0.35	1.90	1.36	2.64	1:1.94	4.4	4.3	0.0
1.708	101.9	-----	24.98	23.03	27.5	4.3	27.5	12.9	-15.0	0.35	1.90	1.36	2.64	1:1.94	4.4	4.3	0.0
1.705	101.8	-----	24.84	22.97	27.5	4.3	27.5	13.0	-15.0	0.36	1.89	1.36	2.63	1:1.93	4.4	4.3	0.0
1.710	102.1	-----	24.34	23.40	27.6	7.1	27.6	12.9	-15.0	0.34	1.89	1.36	2.64	1:1.94	4.4	4.3	2.8
1.712	100.4	-----	24.84	23.40	27.5	4.3	27.5	13.0	-15.1	0.36	1.89	1.36	2.62	1:1.93	4.3	4.3	0.0
