Minute Volume (lpm)	Tidal Volume (ml)	Base Flow (lpm)	PIF (lpm)	PEF (lpm)	PIP (cmH2O)	PEEP (cmH2O)	IPP (cmH2O)	MAP (cmH2O)	Breath Rate	In. Hold (sec)	Ex. Hold (sec)	In. Time (sec)	Ex. Time (sec)	I:E Ratio	Compliance (ml/cmH2O)	Min Airway Press	Assist Press	Time
0.845	47.9	-----	14.24	11.55	17.3	6.8	17.3	9.7	-15.1	0.76	2.05	1.37	2.61	1:1.91	3.7	4.2	2.6	13:54:43
0.840	46.6	-----	13.95	11.35	17.5	6.9	17.5	9.7	-15.0	0.74	2.07	1.37	2.62	1:1.91	3.5	4.2	2.7
0.825	47.1	-----	14.13	11.28	17.4	6.9	17.4	9.7	-15.0	0.76	2.06	1.36	2.63	1:1.93	3.6	4.4	2.5
0.828	46.8	-----	13.96	11.24	17.4	6.9	17.4	9.8	-15.0	0.75	2.06	1.37	2.62	1:1.91	3.6	4.2	2.7
0.826	46.4	-----	13.96	11.27	17.4	6.9	17.4	9.8	-15.0	0.76	2.07	1.38	2.62	1:1.90	3.5	4.4	2.5
0.822	46.8	-----	13.84	11.11	17.4	7.0	17.4	9.8	-15.0	0.75	2.06	1.37	2.63	1:1.92	3.6	4.3	2.7
0.824	46.6	-----	13.95	11.20	17.3	7.0	17.3	9.8	-15.0	0.77	2.06	1.37	2.62	1:1.91	3.6	4.4	2.6
0.825	46.6	-----	13.65	11.32	17.4	6.9	17.4	9.8	-15.0	0.74	2.07	1.37	2.63	1:1.92	3.6	4.4	2.5
0.824	46.6	-----	13.79	11.24	17.4	7.0	17.4	9.8	-15.0	0.76	2.06	1.37	2.62	1:1.91	3.6	4.4	2.6
0.826	46.4	-----	13.75	11.20	17.5	7.0	17.5	9.8	-15.0	0.75	2.07	1.37	2.63	1:1.92	3.5	4.4	2.6
0.808	46.4	-----	13.61	11.13	17.4	6.9	17.4	9.8	-15.1	0.75	2.06	1.36	2.62	1:1.93	3.5	4.4	2.5
0.825	46.0	-----	13.92	11.23	17.4	7.0	17.4	9.8	-15.0	0.76	2.07	1.38	2.62	1:1.90	3.5	4.4	2.6
0.823	46.4	-----	13.68	11.23	17.4	7.0	17.4	9.8	-15.0	0.75	2.07	1.37	2.63	1:1.92	3.6	4.3	2.7
0.816	46.0	-----	13.81	11.28	17.4	7.0	17.4	9.8	-15.0	0.76	2.07	1.37	2.62	1:1.91	3.5	4.4	2.6
0.821	45.0	-----	13.68	11.05	17.4	6.9	17.4	9.8	-15.0	0.76	2.07	1.37	2.62	1:1.91	3.5	4.3	2.6
