Minute Volume (lpm)	Tidal Volume (ml)	Base Flow (lpm)	PIF (lpm)	PEF (lpm)	PIP (cmH2O)	PEEP (cmH2O)	IPP (cmH2O)	MAP (cmH2O)	Breath Rate	In. Hold (sec)	Ex. Hold (sec)	In. Time (sec)	Ex. Time (sec)	I:E Ratio	Compliance (ml/cmH2O)	Min Airway Press	Assist Press	Time
0.177	6.3	-----	5.16	2.55	7.7	5.7	7.7	6.2	-15.0	1.09	2.39	1.39	2.61	1:1.88	2.1	4.6	1.1	13:56:04
0.166	6.6	-----	4.60	2.67	7.6	5.7	7.6	6.3	-15.0	1.11	2.38	1.39	2.61	1:1.88	-----	4.6	1.1
0.168	6.5	-----	4.85	2.79	7.6	5.8	7.6	6.3	-15.1	1.10	2.38	1.38	2.60	1:1.88	-----	4.5	1.3
0.136	7.8	-----	5.20	2.84	7.2	5.7	7.2	6.3	-15.0	1.17	2.36	1.37	2.62	1:1.91	-----	4.5	1.2
0.171	5.8	-----	4.74	2.18	7.7	5.7	7.7	6.3	-15.0	1.09	2.40	1.39	2.61	1:1.88	-----	4.5	1.2
0.163	6.8	-----	4.67	2.65	7.6	5.7	7.6	6.3	-15.0	1.10	2.37	1.38	2.61	1:1.89	-----	4.6	1.1
0.165	6.5	-----	5.00	2.57	7.7	5.7	7.7	6.3	-15.1	1.09	2.38	1.37	2.61	1:1.91	2.1	4.5	1.2
0.165	6.7	-----	4.95	2.69	7.6	5.7	7.6	6.3	-15.0	1.10	2.38	1.38	2.61	1:1.89	-----	4.5	1.2
0.165	6.3	-----	4.84	2.44	7.6	5.7	7.6	6.3	-15.0	1.11	2.38	1.39	2.60	1:1.87	-----	4.6	1.1
0.165	6.4	-----	4.85	2.63	7.7	5.7	7.7	6.3	-15.1	1.09	2.39	1.37	2.61	1:1.91	2.0	4.6	1.1
0.169	6.4	-----	4.88	2.59	7.7	5.7	7.7	6.3	-15.0	1.10	2.39	1.39	2.61	1:1.88	2.1	4.6	1.1
0.165	6.7	-----	4.79	2.73	7.7	5.7	7.7	6.3	-15.0	1.10	2.38	1.38	2.61	1:1.89	2.2	4.6	1.1
0.166	6.6	-----	5.09	2.61	7.6	5.7	7.6	6.3	-15.0	1.10	2.38	1.38	2.61	1:1.89	-----	4.6	1.1
