Minute Volume (lpm)	Tidal Volume (ml)	Base Flow (lpm)	PIF (lpm)	PEF (lpm)	PIP (cmH2O)	PEEP (cmH2O)	IPP (cmH2O)	MAP (cmH2O)	Breath Rate	In. Hold (sec)	Ex. Hold (sec)	In. Time (sec)	Ex. Time (sec)	I:E Ratio	Compliance (ml/cmH2O)	Min Airway Press	Assist Press	Time
3.376	203.8	-----	29.30	36.99	37.3	4.4	37.2	16.3	-15.0	0.03	1.63	1.36	2.64	1:1.94	6.2	4.4	0.0	13:57:22
3.410	204.5	-----	30.09	37.55	37.3	4.3	37.2	16.3	-15.0	0.02	1.63	1.35	2.64	1:1.96	6.2	4.3	0.0
3.411	205.3	-----	30.27	37.60	37.3	4.2	37.3	16.2	-15.0	0.03	1.63	1.36	2.64	1:1.94	6.2	4.2	0.0
3.425	204.7	-----	30.23	38.32	37.3	4.2	37.3	16.2	-15.0	0.02	1.64	1.35	2.64	1:1.96	6.2	4.2	0.0
3.434	206.4	-----	30.41	37.85	37.3	4.1	37.3	16.2	-15.0	0.02	1.62	1.35	2.64	1:1.96	6.2	4.1	0.0
3.442	205.4	-----	30.55	38.32	37.3	4.2	37.2	16.1	-15.0	0.02	1.62	1.36	2.63	1:1.93	6.2	4.2	0.0
3.438	206.7	-----	30.23	38.37	37.4	4.2	37.3	16.1	-15.0	0.03	1.62	1.36	2.64	1:1.94	6.2	4.2	0.0
3.441	206.9	-----	30.27	37.94	37.3	4.1	37.3	16.1	-15.0	0.03	1.62	1.36	2.64	1:1.94	6.3	4.1	0.0
3.454	207.6	-----	30.41	38.32	37.3	4.1	37.2	16.1	-15.0	0.02	1.61	1.35	2.64	1:1.96	6.2	4.1	0.0
3.445	207.5	-----	30.37	37.85	37.3	4.2	37.3	16.1	-15.0	0.03	1.61	1.36	2.64	1:1.94	6.3	4.2	0.0
3.451	207.2	-----	29.96	38.42	37.3	4.1	37.3	16.1	-15.0	0.03	1.61	1.35	2.64	1:1.96	6.2	4.1	0.0
3.442	207.7	-----	30.27	38.37	37.4	4.2	37.3	16.1	-15.0	0.02	1.62	1.35	2.65	1:1.96	6.3	4.2	0.0
3.423	207.0	-----	30.37	38.37	37.3	4.2	37.3	16.1	-15.1	0.03	1.61	1.34	2.64	1:1.97	6.2	4.2	0.0
3.451	207.6	-----	30.41	38.51	37.3	4.2	37.3	16.1	-15.0	0.02	1.61	1.35	2.65	1:1.96	6.3	4.2	0.0
3.465	207.8	-----	30.64	38.37	37.3	4.2	37.3	16.2	-15.1	0.02	1.59	1.35	2.63	1:1.95	6.2	4.2	0.0
3.434	208.1	-----	30.68	38.04	37.4	4.1	37.4	16.1	-15.1	0.03	1.58	1.35	2.63	1:1.95	6.2	4.1	0.0
3.453	204.4	-----	30.51	38.42	37.3	4.2	37.3	16.1	-15.1	0.02	1.58	1.35	2.63	1:1.95	6.2	4.2	0.0
3.465	208.4	-----	30.37	38.37	37.4	4.2	37.3	16.2	-15.1	0.02	1.57	1.35	2.63	1:1.95	6.2	4.2	0.0
3.479	207.7	-----	30.09	38.42	37.4	4.2	37.3	16.2	-15.1	0.03	1.55	1.36	2.61	1:1.92	6.2	4.2	0.0
3.487	208.6	-----	30.41	38.51	37.3	4.2	37.3	16.3	-15.2	0.03	1.52	1.36	2.60	1:1.91	6.3	4.2	0.0
