Minute Volume (lpm)	Tidal Volume (ml)	Base Flow (lpm)	PIF (lpm)	PEF (lpm)	PIP (cmH2O)	PEEP (cmH2O)	IPP (cmH2O)	MAP (cmH2O)	Breath Rate	In. Hold (sec)	Ex. Hold (sec)	In. Time (sec)	Ex. Time (sec)	I:E Ratio	Compliance (ml/cmH2O)	Min Airway Press	Assist Press	Time
1.629	96.3	-----	20.11	18.73	27.5	8.4	27.5	13.7	-15.0	0.31	1.74	1.37	2.63	1:1.92	4.3	5.2	3.2	13:59:44
1.617	98.3	-----	20.25	18.90	27.5	8.4	27.5	13.5	-15.0	0.31	1.75	1.36	2.64	1:1.94	4.3	4.8	3.6
1.640	99.9	-----	20.61	19.26	27.5	4.6	27.5	13.3	-15.0	0.33	1.74	1.36	2.63	1:1.93	4.3	4.6	0.0
1.672	101.0	-----	21.13	19.86	27.5	4.4	27.5	13.1	-15.0	0.29	1.73	1.37	2.63	1:1.92	4.4	4.4	0.0
1.751	98.9	-----	21.74	20.34	27.5	4.2	27.5	12.9	-15.0	0.29	1.74	1.36	2.63	1:1.93	4.2	4.2	0.0
1.753	99.3	-----	21.64	20.47	27.5	4.2	27.5	12.9	-15.0	0.27	1.74	1.36	2.64	1:1.94	4.2	4.2	0.0
1.754	97.3	-----	22.05	20.59	27.5	4.2	27.5	12.9	-15.0	0.29	1.74	1.36	2.63	1:1.93	4.2	4.2	0.0
1.751	99.1	-----	21.81	20.37	27.5	7.5	27.5	12.9	-15.0	0.30	1.75	1.36	2.63	1:1.93	4.3	4.2	3.3
1.752	99.0	-----	22.16	20.47	27.5	4.2	27.5	12.9	-15.0	0.29	1.76	1.36	2.64	1:1.94	4.3	4.2	0.0
1.750	99.0	-----	22.02	20.47	27.5	4.2	27.5	12.9	-15.0	0.30	1.75	1.36	2.63	1:1.93	4.2	4.2	0.0
1.752	99.3	-----	21.80	20.48	27.5	4.2	27.5	12.9	-15.0	0.28	1.75	1.36	2.64	1:1.94	4.3	4.2	0.0
1.750	99.2	-----	22.10	20.72	27.5	7.5	27.5	12.9	-15.0	0.28	1.75	1.36	2.64	1:1.94	4.3	4.2	3.3
1.754	98.9	-----	21.82	20.58	27.5	7.5	27.5	12.9	-15.0	0.29	1.75	1.36	2.63	1:1.93	4.2	4.2	3.3
1.751	99.1	-----	22.23	20.40	27.5	4.2	27.5	12.9	-15.0	0.29	1.74	1.36	2.63	1:1.93	4.2	4.2	0.0
1.746	99.4	-----	22.23	20.47	27.5	7.5	27.5	12.9	-15.0	0.30	1.75	1.36	2.64	1:1.94	4.3	4.2	3.3
1.751	98.6	-----	21.92	20.55	27.5	4.2	27.5	12.9	-15.0	0.29	1.75	1.36	2.63	1:1.93	4.3	4.2	0.0
1.747	99.0	-----	21.92	20.52	27.5	4.2	27.5	12.9	-15.0	0.30	1.74	1.36	2.63	1:1.93	4.2	4.2	0.0
1.742	98.2	-----	21.76	20.43	27.5	7.5	27.5	12.9	-15.0	0.31	1.75	1.36	2.63	1:1.93	4.2	4.2	3.3
1.748	99.2	-----	22.03	20.44	27.5	7.5	27.5	12.9	-15.0	0.29	1.74	1.36	2.63	1:1.93	4.2	4.2	3.3
1.727	99.1	-----	21.99	20.47	27.5	7.5	27.5	12.9	-15.0	0.30	1.74	1.36	2.63	1:1.93	4.2	4.2	3.3
1.751	99.0	-----	22.18	20.43	27.5	4.2	27.5	12.9	-15.0	0.29	1.74	1.36	2.63	1:1.93	4.2	4.2	0.0
