Minute Volume (lpm)	Tidal Volume (ml)	Base Flow (lpm)	PIF (lpm)	PEF (lpm)	PIP (cmH2O)	PEEP (cmH2O)	IPP (cmH2O)	MAP (cmH2O)	Breath Rate	In. Hold (sec)	Ex. Hold (sec)	In. Time (sec)	Ex. Time (sec)	I:E Ratio	Compliance (ml/cmH2O)	Min Airway Press	Assist Press	Time
0.894	46.8	-----	13.26	10.12	17.4	6.7	17.4	9.6	-15.0	0.68	1.99	1.37	2.63	1:1.92	3.6	4.1	2.6	14:01:46
0.867	46.0	-----	12.94	9.95	17.4	6.9	17.4	9.7	-15.0	0.70	2.00	1.36	2.63	1:1.93	3.5	4.2	2.7
0.863	45.7	-----	13.04	9.63	17.4	6.9	17.4	9.7	-15.0	0.69	2.00	1.36	2.63	1:1.93	3.5	4.3	2.6
0.869	45.1	-----	12.64	9.64	17.5	6.9	17.5	9.8	-15.0	0.69	2.00	1.37	2.62	1:1.91	3.4	4.3	2.6
0.867	45.3	-----	12.87	9.73	17.5	7.1	17.5	9.8	-15.0	0.69	2.00	1.37	2.62	1:1.91	3.5	4.4	2.7
0.872	45.2	-----	13.08	9.74	17.4	7.1	17.4	9.8	-15.1	0.68	1.98	1.37	2.61	1:1.91	3.4	4.4	2.7
0.864	44.7	-----	12.77	9.70	17.5	7.0	17.5	9.8	-15.0	0.69	2.00	1.38	2.61	1:1.89	3.4	4.3	2.7
0.868	45.0	-----	12.81	9.67	17.5	7.0	17.5	9.8	-15.0	0.69	2.00	1.38	2.62	1:1.90	3.4	4.3	2.7
0.868	44.7	-----	13.02	9.46	17.5	7.0	17.5	9.8	-15.1	0.69	1.99	1.37	2.61	1:1.91	3.4	4.3	2.7
0.864	44.4	-----	12.77	9.69	17.5	7.0	17.5	9.8	-15.0	0.69	2.00	1.38	2.61	1:1.89	3.4	4.4	2.6
0.860	45.2	-----	12.76	9.76	17.4	7.0	17.4	9.8	-15.0	0.70	1.99	1.37	2.62	1:1.91	3.5	4.3	2.7
0.856	45.1	-----	12.74	9.69	17.4	7.0	17.4	9.8	-15.0	0.70	2.00	1.37	2.63	1:1.92	3.4	4.3	2.7
0.861	45.1	-----	12.55	9.64	17.4	7.1	17.4	9.8	-15.0	0.69	2.00	1.37	2.63	1:1.92	3.5	4.4	2.7
0.860	44.8	-----	12.84	9.57	17.4	7.1	17.4	9.8	-15.0	0.70	2.00	1.37	2.62	1:1.91	3.4	4.3	2.8
0.866	44.4	-----	12.87	9.64	17.5	7.1	17.5	9.8	-15.0	0.68	2.00	1.37	2.62	1:1.91	3.4	4.4	2.7
0.856	44.9	-----	12.87	9.43	17.5	7.1	17.5	9.8	-15.0	0.69	2.01	1.37	2.63	1:1.92	3.4	4.3	2.8
