Minute Volume (lpm)	Tidal Volume (ml)	Base Flow (lpm)	PIF (lpm)	PEF (lpm)	PIP (cmH2O)	PEEP (cmH2O)	IPP (cmH2O)	MAP (cmH2O)	Breath Rate	In. Hold (sec)	Ex. Hold (sec)	In. Time (sec)	Ex. Time (sec)	I:E Ratio	Compliance (ml/cmH2O)	Min Airway Press	Assist Press	Time
0.189	6.7	-----	5.07	2.52	7.6	5.7	7.6	6.3	-15.0	1.05	2.39	1.37	2.62	1:1.91	2.2	4.5	1.2	14:03:15
0.183	6.4	-----	4.71	2.62	7.6	5.8	7.6	6.3	-15.0	1.07	2.40	1.38	2.62	1:1.90	-----	4.6	1.2
0.176	6.2	-----	4.85	2.52	7.6	5.8	7.6	6.3	-15.1	1.07	2.38	1.37	2.60	1:1.90	2.0	4.6	1.2
0.177	5.9	-----	4.77	2.35	7.6	5.7	7.6	6.3	-15.0	1.08	2.40	1.39	2.61	1:1.88	-----	4.5	1.2
0.174	5.9	-----	4.66	2.41	7.6	5.7	7.6	6.3	-15.0	1.09	2.40	1.39	2.61	1:1.88	-----	4.5	1.2
0.175	6.3	-----	4.79	2.45	7.6	5.8	7.6	6.3	-15.0	1.08	2.39	1.38	2.61	1:1.89	2.1	4.6	1.2
0.174	6.4	-----	4.64	2.37	7.6	5.8	7.6	6.3	-15.0	1.08	2.39	1.38	2.62	1:1.90	-----	4.6	1.2
0.169	6.2	-----	4.79	2.52	7.6	5.8	7.6	6.3	-15.0	1.08	2.40	1.37	2.62	1:1.91	-----	4.6	1.2
0.172	6.2	-----	4.74	2.34	7.6	5.8	7.6	6.3	-15.0	1.08	2.39	1.38	2.61	1:1.89	2.0	4.6	1.2
0.177	6.0	-----	4.93	2.24	7.6	5.8	7.6	6.3	-15.0	1.08	2.39	1.38	2.61	1:1.89	2.0	4.6	1.2
0.172	6.0	-----	4.74	2.45	7.6	5.8	7.6	6.3	-15.0	1.08	2.40	1.39	2.61	1:1.88	2.0	4.6	1.2
0.172	6.2	-----	4.74	2.37	7.6	5.8	7.6	6.3	-15.0	1.08	2.40	1.38	2.62	1:1.90	-----	4.6	1.2
