Minute Volume (lpm)	Tidal Volume (ml)	Base Flow (lpm)	PIF (lpm)	PEF (lpm)	PIP (cmH2O)	PEEP (cmH2O)	IPP (cmH2O)	MAP (cmH2O)	Breath Rate	In. Hold (sec)	Ex. Hold (sec)	In. Time (sec)	Ex. Time (sec)	I:E Ratio	Compliance (ml/cmH2O)	Min Airway Press	Assist Press	Time
3.363	197.2	-----	26.17	29.79	36.7	4.4	36.7	16.4	-15.0	0.03	1.47	1.37	2.63	1:1.92	6.1	4.4	0.0	14:04:34
3.402	196.9	-----	26.56	30.63	36.7	4.3	36.6	16.3	-15.1	0.02	1.46	1.36	2.62	1:1.93	6.1	4.3	0.0
3.378	199.3	-----	26.99	30.73	36.7	10.5	36.6	16.2	-15.0	0.03	1.46	1.36	2.63	1:1.93	6.1	4.2	6.3
3.392	200.1	-----	26.73	30.63	36.7	4.1	36.7	16.1	-15.0	0.03	1.46	1.36	2.63	1:1.93	6.1	4.1	0.0
3.436	200.2	-----	26.75	31.24	36.7	10.3	36.6	16.1	-15.0	0.02	1.47	1.36	2.63	1:1.93	6.1	4.1	6.2
3.404	197.6	-----	27.09	31.12	36.7	10.2	36.7	16.0	-15.0	0.03	1.47	1.36	2.63	1:1.93	6.1	4.0	6.2
3.436	197.8	-----	27.10	31.02	36.7	10.2	36.7	16.0	-15.0	0.03	1.47	1.36	2.63	1:1.93	6.1	4.1	6.1
3.433	200.8	-----	27.24	31.02	36.7	10.2	36.7	16.1	-15.0	0.03	1.46	1.36	2.63	1:1.93	6.1	4.0	6.2
3.441	200.6	-----	26.73	31.02	36.7	4.1	36.7	16.1	-15.0	0.02	1.47	1.36	2.64	1:1.94	6.2	4.1	0.0
3.433	201.5	-----	26.99	30.98	36.7	4.1	36.6	16.0	-15.0	0.02	1.47	1.35	2.64	1:1.96	6.2	4.1	0.0
3.451	201.5	-----	26.73	31.24	36.7	10.2	36.6	16.1	-15.0	0.02	1.46	1.36	2.63	1:1.93	6.2	4.1	6.1
3.448	201.5	-----	27.10	31.08	36.8	4.1	36.7	16.1	-15.0	0.03	1.46	1.37	2.63	1:1.92	6.2	4.1	0.0
3.447	201.7	-----	27.02	31.12	36.8	4.1	36.6	16.1	-15.0	0.02	1.46	1.36	2.64	1:1.94	6.2	4.1	0.0
3.457	201.9	-----	27.24	31.24	36.8	4.1	36.7	16.1	-15.0	0.03	1.46	1.36	2.63	1:1.93	6.2	4.1	0.0
3.444	202.0	-----	27.41	31.12	36.8	10.3	36.7	16.1	-15.0	0.02	1.46	1.36	2.64	1:1.94	6.2	4.1	6.2
3.443	200.8	-----	27.49	30.73	36.8	4.0	36.7	16.1	-15.1	0.02	1.45	1.35	2.63	1:1.95	6.1	4.0	0.0
