Minute Volume (lpm)	Tidal Volume (ml)	Base Flow (lpm)	PIF (lpm)	PEF (lpm)	PIP (cmH2O)	PEEP (cmH2O)	IPP (cmH2O)	MAP (cmH2O)	Breath Rate	In. Hold (sec)	Ex. Hold (sec)	In. Time (sec)	Ex. Time (sec)	I:E Ratio	Compliance (ml/cmH2O)	Min Airway Press	Assist Press	Time
4.281	271.6	-----	23.80	28.61	26.7	8.9	26.5	12.9	-15.0	0.01	0.02	1.36	2.63	1:1.93	12.4	4.2	4.7	14:08:40
4.302	275.3	-----	23.35	29.24	26.7	8.8	26.4	12.9	-15.1	0.01	0.05	1.36	2.62	1:1.93	12.6	4.2	4.6
4.325	275.4	-----	23.91	29.28	26.7	8.8	26.5	12.9	-15.1	0.01	0.07	1.36	2.62	1:1.93	12.4	4.2	4.6
4.335	272.1	-----	23.91	29.28	26.7	8.8	26.5	12.9	-15.1	0.01	0.07	1.37	2.61	1:1.91	12.3	4.1	4.7
4.335	272.2	-----	23.52	29.56	26.7	4.2	26.4	12.9	-15.1	0.01	0.09	1.36	2.62	1:1.93	12.4	4.2	0.0
4.341	274.6	-----	23.80	29.42	26.7	8.7	26.4	12.9	-15.1	0.01	0.11	1.36	2.62	1:1.93	12.4	4.2	4.5
4.338	274.9	-----	23.80	29.28	26.7	8.8	26.4	12.9	-15.1	0.01	0.10	1.37	2.61	1:1.91	12.4	4.2	4.6
4.352	272.7	-----	23.76	29.42	26.7	8.8	26.4	12.9	-15.1	0.01	0.07	1.37	2.60	1:1.90	12.3	4.1	4.7
4.355	275.4	-----	24.19	29.42	26.7	8.8	26.4	12.9	-15.1	0.01	0.08	1.37	2.60	1:1.90	12.4	4.2	4.6
4.317	275.9	-----	23.91	29.42	26.7	8.8	26.4	12.8	-15.0	0.01	0.10	1.37	2.63	1:1.92	12.5	4.2	4.6
4.329	275.1	-----	23.90	29.38	26.7	8.8	26.4	12.9	-15.1	0.01	0.10	1.36	2.61	1:1.92	12.5	4.2	4.6
4.338	275.4	-----	24.19	29.28	26.7	4.2	26.4	12.9	-15.0	0.01	0.13	1.37	2.62	1:1.91	12.5	4.2	0.0
