Minute Volume (lpm)	Tidal Volume (ml)	Base Flow (lpm)	PIF (lpm)	PEF (lpm)	PIP (cmH2O)	PEEP (cmH2O)	IPP (cmH2O)	MAP (cmH2O)	Breath Rate	In. Hold (sec)	Ex. Hold (sec)	In. Time (sec)	Ex. Time (sec)	I:E Ratio	Compliance (ml/cmH2O)	Min Airway Press	Assist Press	Time
1.787	91.4	-----	14.94	14.06	18.3	6.4	18.3	9.4	-15.2	0.04	1.51	1.37	2.59	1:1.89	6.4	4.0	2.4	14:09:55
1.737	93.5	-----	14.13	13.64	18.3	6.9	18.3	9.5	-15.2	0.04	1.27	1.36	2.60	1:1.91	6.5	4.0	2.9
1.733	92.7	-----	14.28	13.25	18.3	7.0	18.3	9.6	-15.0	0.04	1.29	1.37	2.62	1:1.91	6.6	4.1	2.9
1.730	91.6	-----	13.92	12.92	18.3	7.2	18.3	9.7	-15.1	0.04	1.28	1.37	2.60	1:1.90	6.5	4.2	3.0
1.701	91.5	-----	13.92	12.95	18.3	7.3	18.3	9.8	-15.1	0.04	1.26	1.37	2.60	1:1.90	6.6	4.3	3.0
1.709	91.0	-----	14.07	12.72	18.3	7.3	18.3	9.8	-15.1	0.04	1.26	1.37	2.60	1:1.90	6.5	4.3	3.0
1.695	91.1	-----	13.37	12.61	18.3	7.4	18.3	9.8	-15.1	0.04	1.25	1.37	2.61	1:1.91	6.6	4.4	3.0
1.704	90.6	-----	13.65	12.62	18.3	7.5	18.3	9.8	-15.1	0.04	1.25	1.38	2.59	1:1.88	6.5	4.3	3.2
1.698	90.8	-----	13.32	12.57	18.3	7.4	18.3	9.8	-15.1	0.04	1.25	1.38	2.60	1:1.88	6.5	4.3	3.1
1.706	90.4	-----	13.58	12.55	18.3	7.4	18.3	9.9	-15.2	0.04	1.23	1.38	2.58	1:1.87	6.5	4.3	3.1
1.674	90.9	-----	13.37	12.62	18.3	7.4	18.3	9.8	-15.1	0.04	1.25	1.37	2.61	1:1.91	6.6	4.4	3.0
1.701	90.3	-----	13.40	12.65	18.3	7.4	18.3	9.9	-15.2	0.04	1.25	1.37	2.59	1:1.89	6.5	4.4	3.0
1.689	91.4	-----	13.72	12.69	18.3	7.4	18.3	9.8	-15.1	0.04	1.22	1.36	2.61	1:1.92	6.6	4.3	3.1
1.698	90.4	-----	13.18	12.51	18.3	7.4	18.3	9.9	-15.2	0.04	1.22	1.37	2.58	1:1.88	6.5	4.3	3.1
1.674	90.6	-----	13.29	12.52	18.3	7.4	18.3	9.8	-15.1	0.04	1.26	1.37	2.61	1:1.91	6.6	4.3	3.1
1.671	91.2	-----	13.40	12.47	18.3	7.4	18.3	9.8	-15.1	0.04	1.23	1.37	2.61	1:1.91	6.6	4.4	3.0
1.686	90.5	-----	13.30	12.48	18.3	7.5	18.3	9.8	-15.1	0.04	1.25	1.37	2.61	1:1.91	6.6	4.4	3.1
1.686	90.7	-----	13.39	12.52	18.3	7.4	18.3	9.8	-15.1	0.04	1.24	1.37	2.60	1:1.90	6.5	4.3	3.1
