Minute Volume (lpm)	Tidal Volume (ml)	Base Flow (lpm)	PIF (lpm)	PEF (lpm)	PIP (cmH2O)	PEEP (cmH2O)	IPP (cmH2O)	MAP (cmH2O)	Breath Rate	In. Hold (sec)	Ex. Hold (sec)	In. Time (sec)	Ex. Time (sec)	I:E Ratio	Compliance (ml/cmH2O)	Min Airway Press	Assist Press	Time
0.400	27.9	-----	6.07	4.26	28.9	23.8	28.8	26.9	-5.0	0.01	3.10	8.06	3.93	2.05:1	5.1	23.4	0.4	14:51:41
0.364	23.9	-----	4.95	3.62	29.0	24.4	28.9	27.2	-5.0	0.00	3.03	8.06	3.92	2.06:1	4.7	23.9	0.5
0.336	18.6	-----	4.36	2.66	28.9	24.8	28.8	27.3	-5.1	0.01	2.74	8.08	3.76	2.15:1	3.9	24.1	0.7
0.544	0.9	-----	4.26	0.82	29.8	30.1	28.5	28.3	-8.8	0.20	0.01	6.57	0.22	29.86:1	-----	24.4	5.7
0.097	4.4	-----	0.52	2.06	30.0	30.1	29.4	30.1	-162.2	0.01	0.00	0.12	0.25	1:2.08	-----	28.9	1.2
0.167	21.7	-----	1.92	3.10	30.2	24.4	28.4	26.8	-12.7	0.03	0.52	1.05	3.67	1:3.50	4.9	23.8	0.6
0.330	19.9	-----	4.30	2.97	29.9	24.6	28.8	27.4	-5.0	0.17	2.25	8.05	3.86	2.09:1	4.2	24.0	0.6
0.830	0.8	-----	4.24	0.95	29.0	28.7	29.0	28.0	-19.7	0.06	0.00	2.97	0.08	37.13:1	-----	24.8	3.9
0.172	20.0	-----	0.96	3.04	29.1	24.6	28.7	28.1	-8.7	0.60	0.26	5.02	1.85	2.71:1	-----	24.6	0.0
0.088	3.2	-----	1.10	1.37	24.9	24.0	24.7	25.7	-44.4	0.10	0.07	0.57	0.78	1:1.37	-----	23.7	0.3
0.302	19.5	-----	4.41	2.89	29.2	24.6	29.0	27.2	-4.8	0.20	2.77	8.65	3.90	2.22:1	3.9	23.6	1.0
0.325	17.9	-----	4.18	2.77	28.8	24.7	28.7	27.4	-5.2	0.01	2.36	8.08	3.38	2.39:1	3.8	24.0	0.7
0.329	18.4	-----	4.35	2.95	28.8	24.6	28.7	27.1	-4.8	0.00	2.93	8.55	3.87	2.21:1	4.0	24.0	0.6
0.322	18.1	-----	4.24	2.86	28.8	24.7	28.8	27.3	-5.0	0.01	3.07	8.13	3.92	2.07:1	3.8	24.1	0.6
0.313	19.3	-----	4.01	3.01	28.9	24.6	28.8	27.3	-5.0	0.00	3.00	8.04	3.92	2.05:1	4.1	24.1	0.5
0.317	18.2	-----	4.17	2.80	28.9	24.7	28.8	27.3	-5.0	0.01	2.94	8.07	3.89	2.07:1	3.8	24.1	0.6
0.330	18.6	-----	4.16	2.90	28.9	24.6	28.8	27.5	-5.3	0.00	2.31	8.05	3.25	2.48:1	3.9	23.9	0.7
0.334	21.1	-----	4.62	3.11	29.0	24.4	28.9	27.3	-4.8	0.01	1.67	8.72	3.75	2.33:1	4.2	23.9	0.5
0.371	17.9	-----	4.12	2.01	29.0	24.2	28.8	27.9	-6.0	0.63	0.62	7.86	2.21	3.56:1	4.4	24.2	0.0
0.282	20.8	-----	4.03	2.95	29.4	24.3	28.8	26.8	-4.4	1.29	1.86	9.94	3.81	2.61:1	-----	23.8	0.5
0.290	17.4	-----	4.33	2.74	29.4	24.7	28.7	27.2	-5.0	0.43	2.85	8.18	3.88	2.11:1	3.7	24.0	0.7
0.335	19.4	-----	4.00	3.18	28.9	24.4	28.8	27.5	-5.4	0.01	2.20	8.08	3.02	2.68:1	4.1	23.8	0.6
0.345	16.9	-----	4.46	2.67	28.8	24.7	28.8	27.2	-5.0	0.01	2.10	8.97	2.96	3.03:1	3.8	24.2	0.5
