Minute Volume (lpm)	Tidal Volume (ml)	Base Flow (lpm)	PIF (lpm)	PEF (lpm)	PIP (cmH2O)	PEEP (cmH2O)	IPP (cmH2O)	MAP (cmH2O)	Breath Rate	In. Hold (sec)	Ex. Hold (sec)	In. Time (sec)	Ex. Time (sec)	I:E Ratio	Compliance (ml/cmH2O)	Min Airway Press	Assist Press	Time
1.074	215.9	-----	9.45	12.12	14.2	4.9	14.0	10.4	-5.0	0.01	0.00	8.01	3.97	2.02:1	23.4	4.4	0.5	15:10:59
1.100	214.0	-----	9.66	12.18	14.2	5.0	14.2	10.5	-5.0	0.01	0.04	8.02	3.95	2.03:1	22.5	4.5	0.5
1.081	210.6	-----	9.62	12.16	14.2	5.1	14.2	10.5	-5.0	0.00	0.00	7.99	3.98	2.01:1	22.1	4.5	0.6
1.049	205.5	-----	9.52	11.88	14.1	5.2	14.0	10.4	-5.0	0.00	0.05	7.99	4.00	2.00:1	22.5	4.5	0.7
1.049	205.7	-----	9.48	11.91	14.2	5.1	14.0	10.5	-5.0	0.00	0.05	7.98	3.99	2.00:1	22.1	4.6	0.5
1.046	204.4	-----	9.48	11.94	14.2	5.1	14.0	10.5	-5.0	0.00	0.00	8.00	3.98	2.01:1	22.2	4.5	0.6
1.036	202.8	-----	9.38	11.79	14.0	5.2	14.0	10.5	-5.0	0.00	0.17	8.00	3.95	2.03:1	22.0	4.6	0.6
1.031	201.7	-----	9.38	11.83	14.2	5.1	14.0	10.5	-5.0	0.01	0.00	8.01	3.96	2.02:1	21.9	4.6	0.5
1.032	201.4	-----	9.38	11.79	14.2	5.1	14.0	10.5	-5.0	0.00	0.08	8.00	3.97	2.02:1	21.8	4.5	0.6
1.027	199.3	-----	9.38	11.81	14.1	5.1	14.0	10.5	-5.0	0.00	0.02	7.99	3.95	2.02:1	21.6	4.6	0.5
