Minute Volume (lpm)	Tidal Volume (ml)	Base Flow (lpm)	PIF (lpm)	PEF (lpm)	PIP (cmH2O)	PEEP (cmH2O)	IPP (cmH2O)	MAP (cmH2O)	Breath Rate	In. Hold (sec)	Ex. Hold (sec)	In. Time (sec)	Ex. Time (sec)	I:E Ratio	Compliance (ml/cmH2O)	Min Airway Press	Assist Press	Time
4.424	318.3	-----	22.56	22.80	19.7	4.9	19.5	10.4	-15.0	0.02	0.99	1.35	2.64	1:1.96	22.5	4.9	0.0	11:26:50
4.415	318.3	-----	22.64	22.97	19.7	4.9	19.6	10.4	-15.0	0.03	0.99	1.35	2.64	1:1.96	22.5	4.9	0.0
4.401	318.9	-----	22.56	22.83	19.7	4.9	19.7	10.3	-15.0	0.03	0.99	1.34	2.65	1:1.98	22.4	4.9	0.0
4.404	318.3	-----	22.51	22.95	19.7	4.9	19.6	10.3	-15.0	0.03	1.00	1.35	2.65	1:1.96	23.5	4.9	0.0
4.391	317.8	-----	22.51	22.85	19.7	4.9	19.6	10.4	-15.1	0.02	0.99	1.33	2.64	1:1.98	22.5	4.9	0.0
4.386	318.7	-----	22.45	22.80	19.7	4.9	19.6	10.3	-15.0	0.04	0.99	1.35	2.65	1:1.96	23.0	4.9	0.0
4.412	319.7	-----	22.56	22.78	19.7	4.9	19.6	10.3	-15.0	0.02	0.98	1.34	2.65	1:1.98	23.5	4.9	0.0
4.362	318.3	-----	22.45	22.92	19.7	4.9	19.6	10.3	-15.0	0.03	1.00	1.34	2.65	1:1.98	23.4	4.9	0.0
4.387	318.4	-----	22.59	22.95	19.7	4.9	19.6	10.3	-15.0	0.03	0.99	1.34	2.65	1:1.98	23.4	4.9	0.0
4.384	318.5	-----	22.40	22.73	19.7	4.9	19.6	10.3	-15.0	0.03	0.99	1.34	2.65	1:1.98	23.7	4.9	0.0
4.380	318.6	-----	22.48	23.02	19.6	4.9	19.6	10.3	-15.0	0.04	0.99	1.34	2.65	1:1.98	22.4	4.9	0.0
4.395	314.1	-----	22.32	22.92	19.6	4.9	19.6	10.3	-15.1	0.03	1.00	1.34	2.64	1:1.97	22.9	4.9	0.0
4.380	318.3	-----	22.56	22.97	19.7	4.9	19.6	10.3	-15.0	0.03	1.00	1.34	2.65	1:1.98	23.4	4.9	0.0
4.387	319.1	-----	22.48	22.83	19.7	4.9	19.6	10.3	-15.0	0.03	0.99	1.34	2.65	1:1.98	22.4	4.9	0.0
4.375	319.0	-----	22.51	22.80	19.7	4.9	19.6	10.3	-15.0	0.04	1.00	1.35	2.65	1:1.96	22.7	4.9	0.0
4.378	319.9	-----	22.40	22.80	19.7	4.9	19.6	10.3	-15.0	0.04	0.98	1.34	2.65	1:1.98	22.3	4.9	0.0
4.362	318.8	-----	22.42	22.78	19.6	4.9	19.6	10.3	-15.0	0.05	0.99	1.35	2.65	1:1.96	22.6	4.9	0.0
4.357	318.3	-----	22.45	22.97	19.6	4.9	19.6	10.3	-15.0	0.04	1.01	1.34	2.66	1:1.99	23.2	4.9	0.0
4.369	319.2	-----	22.51	22.85	19.7	4.9	19.6	10.3	-15.0	0.04	0.99	1.34	2.65	1:1.98	22.6	4.9	0.0
4.366	319.9	-----	22.53	23.02	19.6	4.9	19.6	10.3	-15.0	0.04	0.98	1.35	2.65	1:1.96	23.0	4.9	0.0
4.353	319.2	-----	22.34	23.11	19.6	4.9	19.6	10.3	-15.0	0.04	1.00	1.33	2.66	1:2.00	23.1	4.9	0.0
4.381	320.4	-----	22.48	23.11	19.7	4.9	19.6	10.3	-15.0	0.03	0.98	1.34	2.65	1:1.98	22.7	4.9	0.0
4.341	319.4	-----	22.24	23.06	19.7	4.9	19.6	10.3	-15.0	0.03	0.99	1.34	2.65	1:1.98	23.4	4.9	0.0
4.375	320.5	-----	22.34	22.85	19.7	4.9	19.6	10.3	-15.0	0.03	0.98	1.34	2.65	1:1.98	22.5	4.9	0.0
4.371	320.5	-----	22.34	22.95	19.7	4.9	19.6	10.3	-15.0	0.03	0.99	1.35	2.65	1:1.96	23.0	4.9	0.0
4.378	320.6	-----	22.34	22.87	19.7	4.9	19.7	10.3	-15.0	0.03	0.98	1.34	2.65	1:1.98	23.0	4.9	0.0
4.380	321.5	-----	22.45	23.21	19.7	4.9	19.7	10.3	-15.0	0.02	0.98	1.34	2.65	1:1.98	23.2	4.9	0.0
4.394	321.2	-----	22.40	22.92	19.7	4.9	19.6	10.3	-15.1	0.02	0.97	1.34	2.64	1:1.97	22.7	4.9	0.0
4.372	319.3	-----	22.40	22.85	19.7	4.9	19.7	10.3	-15.0	0.03	0.98	1.34	2.65	1:1.98	22.4	4.9	0.0
4.357	321.9	-----	22.48	23.04	19.7	4.9	19.7	10.3	-15.0	0.03	0.98	1.34	2.65	1:1.98	22.8	4.9	0.0
4.383	322.4	-----	22.34	23.17	19.7	4.9	19.6	10.3	-15.0	0.02	0.97	1.34	2.65	1:1.98	23.1	4.9	0.0
4.378	321.8	-----	22.26	22.92	19.7	4.9	19.6	10.3	-15.0	0.02	0.97	1.34	2.65	1:1.98	22.5	4.9	0.0
4.375	321.9	-----	22.29	23.16	19.6	4.9	19.6	10.3	-15.0	0.03	0.97	1.35	2.64	1:1.96	22.6	4.9	0.0
4.356	322.4	-----	22.40	22.83	19.7	4.9	19.6	10.3	-15.0	0.03	0.98	1.35	2.65	1:1.96	22.8	4.9	0.0
4.363	323.6	-----	22.34	22.92	19.7	4.9	19.6	10.3	-15.0	0.02	0.97	1.34	2.66	1:1.99	23.7	4.9	0.0
4.365	322.3	-----	22.32	22.83	19.6	4.9	19.6	10.3	-15.0	0.03	0.98	1.34	2.65	1:1.98	22.6	4.9	0.0
4.385	320.1	-----	22.34	23.11	19.6	4.9	19.6	10.3	-15.1	0.03	0.96	1.35	2.63	1:1.95	22.3	4.9	0.0
4.329	323.9	-----	22.29	22.95	19.7	4.9	19.6	10.3	-15.0	0.03	0.96	1.34	2.65	1:1.98	22.8	4.9	0.0
