Minute Volume (lpm)	Tidal Volume (ml)	Base Flow (lpm)	PIF (lpm)	PEF (lpm)	PIP (cmH2O)	PEEP (cmH2O)	IPP (cmH2O)	MAP (cmH2O)	Breath Rate	In. Hold (sec)	Ex. Hold (sec)	In. Time (sec)	Ex. Time (sec)	I:E Ratio	Compliance (ml/cmH2O)	Min Airway Press	Assist Press	Time
5.795	462.2	-----	22.97	20.81	29.8	15.0	29.6	20.3	-15.0	0.02	0.21	1.38	2.61	1:1.89	33.9	15.0	0.0	11:30:51
5.823	463.3	-----	22.90	20.57	29.8	15.0	29.7	20.3	-15.1	0.02	0.18	1.38	2.60	1:1.88	32.8	15.0	0.0
5.796	463.2	-----	22.97	20.59	29.8	15.0	29.8	20.3	-15.0	0.02	0.19	1.38	2.62	1:1.90	34.0	15.0	0.0
5.800	461.0	-----	23.02	20.62	29.9	15.0	29.8	20.3	-15.0	0.02	0.19	1.38	2.61	1:1.89	33.8	15.0	0.0
5.789	461.5	-----	23.08	20.75	29.9	15.0	29.8	20.2	-15.0	0.02	0.19	1.38	2.61	1:1.89	32.2	15.0	0.0
5.778	459.9	-----	22.97	20.77	30.0	15.0	30.0	20.2	-15.0	0.03	0.17	1.39	2.60	1:1.87	31.9	15.0	0.0
5.760	461.8	-----	23.05	20.88	30.1	15.0	30.0	20.2	-15.0	0.02	0.19	1.38	2.62	1:1.90	32.9	15.0	0.0
5.748	462.3	-----	23.05	20.59	30.1	15.0	30.1	20.2	-15.0	0.02	0.16	1.37	2.62	1:1.91	33.0	15.0	0.0
5.731	458.8	-----	23.05	20.93	30.2	15.0	30.1	20.2	-15.1	0.02	0.19	1.37	2.61	1:1.91	31.8	15.0	0.0
5.730	460.5	-----	22.97	20.88	30.3	15.0	30.2	20.2	-15.0	0.02	0.19	1.38	2.62	1:1.90	33.1	15.0	0.0
5.732	463.0	-----	23.05	20.77	30.3	15.0	30.3	20.3	-15.0	0.03	0.14	1.38	2.61	1:1.89	31.4	15.0	0.0
5.671	466.0	-----	22.89	21.22	30.3	15.0	30.3	20.3	-15.0	0.02	0.13	1.38	2.62	1:1.90	32.8	15.0	0.0
5.673	461.0	-----	22.90	20.88	30.3	15.0	30.3	20.3	-15.0	0.03	0.16	1.38	2.61	1:1.89	32.9	15.0	0.0
