Minute Volume (lpm)	Tidal Volume (ml)	Base Flow (lpm)	PIF (lpm)	PEF (lpm)	PIP (cmH2O)	PEEP (cmH2O)	IPP (cmH2O)	MAP (cmH2O)	Breath Rate	In. Hold (sec)	Ex. Hold (sec)	In. Time (sec)	Ex. Time (sec)	I:E Ratio	Compliance (ml/cmH2O)	Min Airway Press	Assist Press	Time
4.653	368.2	-----	22.48	23.23	19.4	4.7	19.0	10.2	-15.1	0.02	0.71	1.36	2.62	1:1.93	26.8	4.7	0.0	11:35:13
4.661	364.6	-----	22.67	23.32	19.4	4.7	19.2	10.3	-15.0	0.02	0.73	1.37	2.62	1:1.91	27.6	4.7	0.0
4.627	363.7	-----	22.53	23.32	19.5	4.8	19.1	10.3	-15.0	0.02	0.75	1.36	2.63	1:1.93	27.7	4.8	0.0
4.599	361.2	-----	22.45	23.32	19.4	4.8	19.1	10.3	-15.1	0.02	0.76	1.36	2.62	1:1.93	26.1	4.8	0.0
4.597	361.4	-----	22.29	23.23	19.4	4.8	19.3	10.3	-15.0	0.02	0.76	1.37	2.63	1:1.92	26.1	4.8	0.0
4.601	359.1	-----	22.42	23.13	19.5	4.8	19.2	10.3	-15.0	0.02	0.77	1.37	2.62	1:1.91	26.2	4.8	0.0
4.589	358.1	-----	22.53	23.37	19.4	4.8	19.2	10.3	-15.0	0.02	0.77	1.37	2.62	1:1.91	26.1	4.8	0.0
4.565	359.0	-----	22.32	23.24	19.5	4.8	19.2	10.3	-15.0	0.02	0.77	1.36	2.63	1:1.93	26.5	4.8	0.0
4.546	357.3	-----	22.34	23.37	19.5	4.9	19.2	10.3	-15.1	0.02	0.77	1.36	2.62	1:1.93	25.8	4.9	0.0
4.555	358.0	-----	22.32	23.13	19.5	4.9	19.2	10.3	-15.0	0.02	0.77	1.37	2.63	1:1.92	26.9	4.9	0.0
4.534	357.0	-----	22.26	23.23	19.5	4.9	19.2	10.3	-15.1	0.02	0.78	1.36	2.62	1:1.93	26.0	4.9	0.0
4.543	357.4	-----	22.37	23.23	19.5	4.9	19.2	10.3	-15.0	0.01	0.79	1.36	2.64	1:1.94	27.0	4.9	0.0
4.500	357.3	-----	22.32	23.17	19.6	4.9	19.2	10.3	-15.1	0.02	0.77	1.35	2.62	1:1.94	25.7	4.9	0.0
4.545	354.7	-----	22.26	23.37	19.5	4.8	19.2	10.3	-15.0	0.02	0.78	1.37	2.62	1:1.91	25.8	4.8	0.0
4.512	357.1	-----	22.37	23.06	19.5	4.9	19.2	10.3	-15.0	0.02	0.78	1.36	2.63	1:1.93	25.8	4.9	0.0
