Minute Volume (lpm)	Tidal Volume (ml)	Base Flow (lpm)	PIF (lpm)	PEF (lpm)	PIP (cmH2O)	PEEP (cmH2O)	IPP (cmH2O)	MAP (cmH2O)	Breath Rate	In. Hold (sec)	Ex. Hold (sec)	In. Time (sec)	Ex. Time (sec)	I:E Ratio	Compliance (ml/cmH2O)	Min Airway Press	Assist Press	Time
7.700	597.4	-----	30.06	28.19	26.9	4.9	24.3	13.4	-15.1	0.00	0.16	1.36	2.62	1:1.93	32.8	4.9	0.0	11:36:57
7.651	603.3	-----	30.28	27.76	27.0	4.9	24.6	13.4	-15.0	0.01	0.17	1.37	2.62	1:1.91	32.7	4.9	0.0
7.699	604.1	-----	30.25	28.16	27.0	4.9	24.4	13.4	-15.0	0.00	0.16	1.36	2.63	1:1.93	33.5	4.9	0.0
7.645	605.2	-----	30.28	28.01	27.0	4.9	24.6	13.4	-15.0	0.01	0.15	1.37	2.62	1:1.91	33.4	4.9	0.0
7.699	604.5	-----	30.34	28.07	27.0	4.9	24.3	13.4	-15.0	0.00	0.16	1.36	2.63	1:1.93	32.3	4.9	0.0
7.648	605.7	-----	30.25	27.93	27.0	4.9	24.7	13.4	-15.0	0.01	0.14	1.37	2.62	1:1.91	31.8	4.9	0.0
7.662	604.3	-----	30.25	28.01	27.0	4.9	24.7	13.4	-15.1	0.01	0.16	1.37	2.61	1:1.91	31.4	4.9	0.0
7.727	597.3	-----	30.28	27.96	27.0	4.9	24.7	13.4	-15.1	0.01	0.16	1.38	2.59	1:1.88	31.1	4.9	0.0
7.680	606.6	-----	30.28	28.01	27.0	4.9	24.7	13.4	-15.0	0.01	0.14	1.38	2.62	1:1.90	32.7	4.9	0.0
7.688	605.6	-----	30.07	28.22	27.0	4.9	24.4	13.4	-15.0	0.01	0.14	1.38	2.61	1:1.89	32.0	4.9	0.0
7.687	605.8	-----	30.19	28.04	27.0	4.9	24.7	13.4	-15.0	0.01	0.13	1.38	2.61	1:1.89	31.5	4.9	0.0
7.666	605.9	-----	30.03	28.04	27.0	4.9	24.6	13.4	-15.0	0.01	0.14	1.38	2.62	1:1.90	32.5	4.9	0.0
7.679	602.0	-----	30.25	28.01	27.0	4.9	24.6	13.4	-15.1	0.01	0.14	1.37	2.60	1:1.90	31.6	4.9	0.0
7.642	606.0	-----	29.82	27.93	27.0	4.9	24.5	13.4	-15.0	0.00	0.14	1.36	2.63	1:1.93	31.8	4.9	0.0
7.682	603.8	-----	30.04	28.22	27.0	4.8	24.7	13.4	-15.0	0.01	0.15	1.38	2.61	1:1.89	31.4	4.8	0.0
7.693	604.2	-----	30.21	28.16	27.0	4.9	24.6	13.4	-15.0	0.01	0.14	1.38	2.61	1:1.89	31.8	4.9	0.0
7.671	607.4	-----	30.02	28.16	27.0	4.9	24.6	13.4	-15.0	0.01	0.14	1.38	2.62	1:1.90	33.1	4.9	0.0
7.687	605.9	-----	30.22	28.16	27.0	4.9	24.4	13.4	-15.0	0.00	0.14	1.36	2.63	1:1.93	32.0	4.9	0.0
7.705	604.1	-----	30.53	28.22	27.0	4.9	24.6	13.4	-15.1	0.01	0.14	1.38	2.60	1:1.88	31.7	4.9	0.0
7.664	605.4	-----	30.22	28.16	27.0	4.9	24.5	13.4	-15.0	0.00	0.14	1.36	2.63	1:1.93	33.0	4.9	0.0
7.693	607.3	-----	30.34	28.04	27.0	4.9	24.4	13.4	-15.0	0.00	0.14	1.36	2.63	1:1.93	33.5	4.9	0.0
7.681	608.0	-----	30.19	27.93	27.0	4.9	24.4	13.4	-15.0	0.00	0.13	1.36	2.63	1:1.93	32.1	4.9	0.0
