Minute Volume (lpm)	Tidal Volume (ml)	Base Flow (lpm)	PIF (lpm)	PEF (lpm)	PIP (cmH2O)	PEEP (cmH2O)	IPP (cmH2O)	MAP (cmH2O)	Breath Rate	In. Hold (sec)	Ex. Hold (sec)	In. Time (sec)	Ex. Time (sec)	I:E Ratio	Compliance (ml/cmH2O)	Min Airway Press	Assist Press	Time
2.926	253.2	-----	23.37	19.21	35.4	21.4	35.4	25.1	-15.0	0.62	0.60	1.34	2.65	1:1.98	17.8	19.8	1.6	11:38:46
2.969	252.5	-----	23.61	19.35	35.4	21.3	35.4	25.1	-15.0	0.61	0.60	1.34	2.65	1:1.98	16.9	19.9	1.4
2.950	251.0	-----	23.43	19.35	35.4	21.4	35.4	25.1	-15.0	0.61	0.61	1.35	2.65	1:1.96	17.4	19.9	1.5
2.947	251.9	-----	23.43	19.48	35.4	19.9	35.4	25.1	-15.1	0.61	0.57	1.34	2.64	1:1.97	17.0	19.9	0.0
2.927	251.4	-----	23.52	19.46	35.3	21.3	35.3	25.1	-15.0	0.62	0.58	1.34	2.65	1:1.98	17.3	19.9	1.4
2.921	249.9	-----	23.52	19.33	35.3	21.2	35.3	25.1	-15.0	0.62	0.57	1.34	2.65	1:1.98	17.4	19.9	1.3
2.905	249.6	-----	23.64	19.52	35.4	21.3	35.4	25.1	-15.0	0.62	0.56	1.34	2.65	1:1.98	16.6	19.9	1.4
2.855	250.2	-----	23.55	19.43	35.4	19.9	35.4	25.1	-15.0	0.63	0.55	1.34	2.65	1:1.98	16.7	19.9	0.0
2.898	247.9	-----	23.64	19.52	35.4	19.9	35.4	25.1	-15.1	0.63	0.53	1.35	2.63	1:1.95	16.5	19.9	0.0
2.839	249.6	-----	23.73	19.38	35.4	21.2	35.4	25.1	-15.0	0.63	0.52	1.34	2.65	1:1.98	16.6	19.9	1.3
2.839	247.8	-----	23.73	19.40	35.4	21.2	35.4	25.1	-15.0	0.63	0.54	1.34	2.65	1:1.98	17.4	19.9	1.3
2.874	247.0	-----	23.76	19.54	35.3	21.2	35.3	25.1	-15.1	0.63	0.51	1.34	2.63	1:1.96	17.6	19.9	1.3
2.858	247.1	-----	23.76	19.36	35.4	21.1	35.4	25.1	-15.1	0.64	0.51	1.34	2.64	1:1.97	16.5	19.9	1.2
2.844	248.0	-----	23.76	19.40	35.4	21.2	35.4	25.1	-15.0	0.64	0.50	1.35	2.65	1:1.96	16.9	19.9	1.3
2.837	248.7	-----	23.90	19.44	35.3	21.2	35.3	25.1	-15.0	0.64	0.48	1.34	2.65	1:1.98	16.5	19.9	1.3
2.796	248.2	-----	23.96	19.31	35.4	21.2	35.4	25.1	-15.0	0.64	0.46	1.34	2.65	1:1.98	16.5	19.9	1.3
2.824	247.3	-----	23.67	19.27	35.3	19.9	35.3	25.1	-15.0	0.65	0.45	1.35	2.64	1:1.96	16.7	19.9	0.0
1.411	739.0	-----	23.93	22.22	35.4	5.7	35.4	21.2	-7.5	1.31	1.73	2.01	5.96	1:2.97	25.9	5.7	0.0
4.560	422.3	-----	21.81	23.93	19.5	5.1	19.4	12.8	-15.0	0.56	0.00	2.01	1.98	1.02:1	31.7	5.1	0.0
4.812	423.9	-----	22.18	24.07	19.6	4.9	19.5	12.7	-15.0	0.49	0.01	2.01	1.99	1.01:1	31.6	4.9	0.0
4.836	425.1	-----	22.37	24.36	19.6	4.9	19.6	12.7	-15.0	0.47	0.00	2.00	1.99	1.01:1	30.5	4.9	0.0
4.825	422.0	-----	22.32	24.45	19.6	4.9	19.6	12.6	-15.0	0.48	0.00	2.01	1.99	1.01:1	30.3	4.9	0.0
4.827	421.2	-----	22.45	24.47	19.7	4.9	19.7	12.6	-15.0	0.47	0.00	2.01	1.99	1.01:1	30.3	4.9	0.0
4.815	420.2	-----	22.32	24.38	19.7	4.9	19.7	12.6	-15.0	0.47	0.00	2.01	1.99	1.01:1	30.2	4.9	0.0
4.782	416.9	-----	22.42	24.38	19.6	4.8	19.6	12.6	-15.0	0.50	0.01	2.01	1.99	1.01:1	30.4	4.8	0.0
4.736	414.8	-----	22.37	24.34	19.6	4.8	19.6	12.6	-15.0	0.51	0.00	2.00	1.99	1.01:1	29.4	4.8	0.0
4.703	414.1	-----	22.37	24.30	19.6	4.9	19.6	12.6	-15.0	0.52	0.01	2.00	1.99	1.01:1	30.4	4.9	0.0
4.732	412.5	-----	22.34	24.25	19.7	4.8	19.7	12.6	-15.0	0.52	0.01	2.01	1.99	1.01:1	30.1	4.8	0.0
4.705	411.2	-----	22.42	24.31	19.6	4.8	19.6	12.6	-15.0	0.52	0.00	2.00	1.99	1.01:1	29.5	4.8	0.0
4.708	410.9	-----	22.32	24.21	19.6	4.9	19.6	12.6	-15.0	0.53	0.00	2.01	1.99	1.01:1	29.5	4.9	0.0
4.710	411.7	-----	22.32	24.21	19.6	4.9	19.6	12.6	-15.0	0.52	0.00	2.01	1.99	1.01:1	29.6	4.9	0.0
4.688	409.7	-----	22.34	24.30	19.7	4.9	19.7	12.6	-15.0	0.51	0.01	2.00	1.99	1.01:1	30.3	4.9	0.0
4.708	409.6	-----	22.32	24.21	19.7	4.9	19.6	12.6	-15.0	0.52	0.01	2.00	1.99	1.01:1	29.6	4.9	0.0
4.700	407.4	-----	22.32	24.27	19.6	4.9	19.6	12.7	-15.0	0.53	0.01	2.01	1.98	1.02:1	28.6	4.9	0.0
4.689	407.7	-----	22.29	24.25	19.6	4.9	19.6	12.6	-15.0	0.52	0.01	2.01	1.99	1.01:1	28.7	4.9	0.0
