Minute Volume (lpm)	Tidal Volume (ml)	Base Flow (lpm)	PIF (lpm)	PEF (lpm)	PIP (cmH2O)	PEEP (cmH2O)	IPP (cmH2O)	MAP (cmH2O)	Breath Rate	In. Hold (sec)	Ex. Hold (sec)	In. Time (sec)	Ex. Time (sec)	I:E Ratio	Compliance (ml/cmH2O)	Min Airway Press	Assist Press	Time
4.957	445.3	-----	22.04	21.92	30.7	15.4	30.7	22.8	-15.0	0.74	0.00	2.00	2.00	1:1.00	32.2	15.4	0.0	11:42:07
5.034	444.7	-----	22.32	21.98	30.7	15.3	30.7	22.6	-15.0	0.74	0.00	2.00	2.00	1:1.00	31.9	15.3	0.0
5.074	442.8	-----	22.51	21.83	30.6	15.1	30.6	22.4	-15.0	0.75	0.00	2.00	2.00	1:1.00	32.0	15.1	0.0
5.085	440.5	-----	22.53	21.63	30.5	15.1	30.5	22.4	-15.0	0.76	0.00	2.00	2.00	1:1.00	32.1	15.1	0.0
5.071	439.4	-----	22.53	21.75	30.4	15.1	30.4	22.3	-15.0	0.77	0.01	2.00	2.00	1:1.00	32.3	15.1	0.0
5.067	437.5	-----	22.58	21.73	30.4	15.1	30.4	22.3	-15.0	0.78	0.00	2.00	1.99	1.01:1	30.5	15.1	0.0
5.048	435.8	-----	22.71	21.80	30.4	15.1	30.4	22.3	-15.0	0.78	0.00	2.00	1.99	1.01:1	30.9	15.1	0.0
5.023	435.4	-----	22.74	21.78	30.4	15.1	30.4	22.3	-15.0	0.79	0.00	2.01	1.99	1.01:1	31.1	15.1	0.0
5.000	434.2	-----	22.63	21.75	30.4	15.1	30.4	22.3	-15.0	0.79	0.00	2.00	1.99	1.01:1	30.3	15.1	0.0
4.968	434.2	-----	22.66	21.63	30.6	15.1	30.6	22.3	-15.0	0.79	0.00	2.00	2.00	1:1.00	31.4	15.1	0.0
4.992	432.5	-----	22.53	21.85	30.4	15.1	30.4	22.3	-15.0	0.81	0.00	2.00	1.99	1.01:1	31.1	15.1	0.0
4.944	433.9	-----	22.58	21.78	30.4	15.1	30.4	22.3	-15.0	0.80	0.00	1.99	2.00	1:1.01	31.9	15.1	0.0
4.963	431.7	-----	22.74	21.63	30.4	15.1	30.4	22.3	-15.0	0.81	0.01	2.00	2.00	1:1.00	31.7	15.1	0.0
4.960	430.9	-----	22.74	21.65	30.4	15.1	30.4	22.3	-15.0	0.80	0.00	2.00	1.99	1.01:1	29.9	15.1	0.0
4.938	429.9	-----	22.74	21.78	30.4	15.1	30.4	22.3	-15.0	0.80	0.00	2.01	1.99	1.01:1	30.0	15.1	0.0
4.929	429.5	-----	22.70	21.68	30.4	15.1	30.4	22.3	-15.0	0.82	0.00	2.01	1.99	1.01:1	30.0	15.1	0.0
4.918	428.5	-----	22.70	21.71	30.4	15.1	30.4	22.3	-15.0	0.81	0.00	2.01	1.99	1.01:1	31.5	15.1	0.0
4.909	428.5	-----	22.74	21.86	30.4	15.1	30.4	22.3	-15.0	0.81	0.01	2.00	2.00	1:1.00	31.5	15.1	0.0
