Minute Volume (lpm)	Tidal Volume (ml)	Base Flow (lpm)	PIF (lpm)	PEF (lpm)	PIP (cmH2O)	PEEP (cmH2O)	IPP (cmH2O)	MAP (cmH2O)	Breath Rate	In. Hold (sec)	Ex. Hold (sec)	In. Time (sec)	Ex. Time (sec)	I:E Ratio	Compliance (ml/cmH2O)	Min Airway Press	Assist Press	Time
8.276	654.7	-----	29.67	29.48	30.4	5.3	30.4	17.3	-15.0	0.33	0.00	1.99	2.00	1:1.01	27.8	5.3	0.0	11:43:47
8.278	657.4	-----	29.79	29.96	30.4	5.2	30.4	17.2	-15.0	0.32	0.00	1.99	2.01	1:1.01	27.9	5.2	0.0
8.283	657.4	-----	29.94	29.43	30.4	5.3	30.4	17.2	-15.0	0.33	0.00	1.99	2.01	1:1.01	27.9	5.3	0.0
8.263	658.7	-----	29.70	29.43	30.4	5.2	30.4	17.2	-15.0	0.32	0.00	1.98	2.01	1:1.02	27.7	5.2	0.0
8.295	657.3	-----	29.67	29.74	30.4	5.3	30.4	17.2	-15.0	0.32	0.00	1.99	2.01	1:1.01	28.5	5.3	0.0
8.333	653.1	-----	29.67	29.51	30.4	5.3	30.4	17.2	-15.1	0.33	0.00	1.99	1.99	1:1.00	27.5	5.3	0.0
8.292	658.2	-----	29.66	29.69	30.4	5.2	30.4	17.2	-15.0	0.32	0.00	1.99	2.01	1:1.01	27.7	5.2	0.0
8.293	658.4	-----	29.76	29.44	30.3	5.2	30.3	17.2	-15.0	0.33	0.00	1.99	2.01	1:1.01	27.8	5.2	0.0
8.218	658.2	-----	29.73	29.42	30.4	5.3	30.4	17.2	-15.0	0.32	0.00	1.98	2.01	1:1.02	28.2	5.3	0.0
8.273	654.4	-----	29.82	29.69	30.3	5.2	30.3	17.3	-15.1	0.33	0.00	1.98	1.99	1:1.01	27.7	5.2	0.0
8.239	658.3	-----	29.58	29.39	30.3	5.2	30.3	17.2	-15.0	0.33	0.00	1.99	2.01	1:1.01	28.7	5.2	0.0
8.284	658.7	-----	29.70	29.74	30.3	5.3	30.3	17.2	-15.0	0.33	0.00	1.99	2.01	1:1.01	28.8	5.3	0.0
8.302	656.5	-----	29.82	29.59	30.3	5.2	30.3	17.2	-15.0	0.33	0.00	1.99	2.00	1:1.01	28.2	5.2	0.0
