Minute Volume (lpm)	Tidal Volume (ml)	Base Flow (lpm)	PIF (lpm)	PEF (lpm)	PIP (cmH2O)	PEEP (cmH2O)	IPP (cmH2O)	MAP (cmH2O)	Breath Rate	In. Hold (sec)	Ex. Hold (sec)	In. Time (sec)	Ex. Time (sec)	I:E Ratio	Compliance (ml/cmH2O)	Min Airway Press	Assist Press	Time
4.339	394.4	-----	21.11	25.74	19.6	5.5	19.6	15.0	-15.0	1.20	0.00	2.65	1.34	1.98:1	32.3	5.5	0.0	11:45:07
4.360	390.4	-----	21.11	25.84	19.6	5.5	19.5	15.0	-15.0	1.22	0.00	2.66	1.33	2.00:1	31.2	5.5	0.0
4.333	391.2	-----	21.05	25.84	19.6	5.4	19.6	15.0	-15.0	1.22	0.00	2.65	1.34	1.98:1	32.3	5.4	0.0
4.377	390.4	-----	21.21	25.87	19.6	5.5	19.6	15.0	-15.0	1.21	0.00	2.66	1.34	1.99:1	32.0	5.5	0.0
4.365	388.5	-----	21.16	26.12	19.6	5.4	19.6	14.9	-15.0	1.22	0.00	2.66	1.34	1.99:1	32.1	5.4	0.0
4.369	385.4	-----	21.21	25.57	19.6	5.4	19.5	14.9	-15.0	1.23	0.00	2.66	1.34	1.99:1	32.1	5.4	0.0
4.366	384.8	-----	21.16	25.84	19.6	5.4	19.6	14.9	-15.0	1.24	0.00	2.66	1.34	1.99:1	32.0	5.4	0.0
4.380	385.2	-----	21.26	25.60	19.6	5.3	19.6	14.9	-15.0	1.23	0.00	2.66	1.34	1.99:1	32.1	5.3	0.0
4.671	365.5	-----	22.05	24.84	19.8	5.5	19.7	15.0	-15.0	1.20	0.00	2.66	1.34	1.99:1	29.9	5.5	0.0
4.684	363.7	-----	22.05	25.16	19.7	5.5	19.6	15.0	-15.0	1.20	0.00	2.66	1.33	2.00:1	29.3	5.5	0.0
4.631	367.3	-----	21.95	24.99	19.7	5.5	19.7	15.0	-15.0	1.22	0.00	2.66	1.33	2.00:1	28.9	5.5	0.0
