Minute Volume (lpm)	Tidal Volume (ml)	Base Flow (lpm)	PIF (lpm)	PEF (lpm)	PIP (cmH2O)	PEEP (cmH2O)	IPP (cmH2O)	MAP (cmH2O)	Breath Rate	In. Hold (sec)	Ex. Hold (sec)	In. Time (sec)	Ex. Time (sec)	I:E Ratio	Compliance (ml/cmH2O)	Min Airway Press	Assist Press	Time
4.155	326	-----	22.93	21.06	30.7	16.2	30.7	24.9	-15	1.61	0	2.67	1.33	2.01:1	27.8	16.2	0	11:46:32
4.198	330.5	-----	23.17	21.4	30.7	16.1	30.7	24.9	-15	1.61	0	2.66	1.33	2.00:1	26.2	16.1	0	
4.222	330.7	-----	23.08	21.52	30.7	16.1	30.7	24.8	-15	1.61	0	2.67	1.33	2.01:1	26.2	16.1	0	
4.234	329.7	-----	23.29	21.27	30.6	16.1	30.6	24.8	-15	1.61	0	2.67	1.33	2.01:1	26.3	16.1	0	
4.222	328.2	-----	23.4	21.65	30.6	16	30.6	24.8	-15	1.62	0	2.67	1.33	2.01:1	27.5	16	0	
4.224	328.3	-----	23.23	21.47	30.7	16	30.7	24.8	-15	1.62	0	2.66	1.33	2.00:1	25.8	16	0	
4.201	327.2	-----	23.32	21.55	30.7	15.9	30.7	24.8	-15	1.62	0	2.67	1.33	2.01:1	25.5	15.9	0	
4.141	326.7	-----	23.26	21.5	30.6	15.9	30.6	24.8	-15	1.63	0	2.66	1.33	2.00:1	27	15.9	0	
4.167	325.5	-----	23.35	21.42	30.6	15.9	30.6	24.8	-15	1.63	0	2.66	1.34	1.99:1	26.9	15.9	0	
4.132	323.7	-----	23.37	21.32	30.6	15.9	30.6	24.8	-15	1.62	0	2.66	1.33	2.00:1	26.1	15.9	0	
4.136	320	-----	23.32	21.32	30.6	15.9	30.6	24.8	-15	1.65	0	2.67	1.32	2.02:1	25.6	15.9	0	
4.092	319.7	-----	23.35	21.04	30.6	15.9	30.6	24.8	-15	1.66	0	2.67	1.33	2.01:1	25.5	15.9	0	
4.081	319	-----	23.32	21.11	30.7	15.9	30.7	24.8	-15	1.65	0	2.67	1.33	2.01:1	25.5	15.9	0	
4.054	316.9	-----	23.26	21.04	30.6	15.8	30.6	24.9	-15	1.66	0	2.67	1.33	2.01:1	25.9	15.8	0	
4.021	315.1	-----	23.23	20.85	30.6	15.9	30.6	24.9	-15	1.67	0	2.67	1.33	2.01:1	26	15.9	0	
3.997	313.8	-----	23.26	20.83	30.7	15.9	30.7	24.9	-15	1.67	0	2.67	1.33	2.01:1	25.9	15.9	0	
3.989	311.8	-----	23.17	20.91	30.6	15.9	30.6	24.9	-15	1.65	0	2.66	1.33	2.00:1	24.9	15.9	0	
3.967	310.8	-----	23.11	20.77	30.6	15.9	30.6	24.9	-15	1.67	0	2.67	1.33	2.01:1	25.2	15.9	0	
3.94	328.4	-----	23.02	21.4	30.6	16.6	30.6	25	-15	1.66	0	2.66	1.34	1.99:1	26.9	16.6	0	
10.914	3.3	-----	23.87	3.6	30.4	28	30.2	26.7	-49.6	0.12	0.13	1.01	0.2	5.05:1	nan	20.3	7.7	
2.072	182.1	-----	14.73	21.14	31.6	5.2	31.6	26.5	-28.4	0.91	0	1.45	0.66	2.20:1	6.8	1.6	3.6	
