Minute Volume (lpm)	Tidal Volume (ml)	Base Flow (lpm)	PIF (lpm)	PEF (lpm)	PIP (cmH2O)	PEEP (cmH2O)	IPP (cmH2O)	MAP (cmH2O)	Breath Rate	In. Hold (sec)	Ex. Hold (sec)	In. Time (sec)	Ex. Time (sec)	I:E Ratio	Compliance (ml/cmH2O)	Min Airway Press	Assist Press	Time
4.935	347.8	-----	22.51	23.55	19.4	4.7	18.8	10.2	-15.0	0.02	0.89	1.38	2.62	1:1.90	26.7	4.7	0.0	11:48:42
4.912	348.5	-----	22.26	23.41	19.4	4.7	18.8	10.3	-15.0	0.01	0.86	1.37	2.62	1:1.91	25.8	4.7	0.0
4.900	346.9	-----	22.26	23.28	19.4	4.9	18.6	10.4	-15.0	0.01	0.84	1.38	2.61	1:1.89	26.2	4.9	0.0
4.878	349.4	-----	22.16	23.11	19.4	4.9	18.9	10.4	-15.0	0.02	0.83	1.38	2.62	1:1.90	26.8	4.9	0.0
4.819	349.6	-----	22.19	23.02	19.4	4.9	18.8	10.4	-15.1	0.01	0.82	1.35	2.62	1:1.94	26.4	4.9	0.0
4.878	351.1	-----	22.40	23.16	19.4	5.0	18.7	10.4	-15.0	0.01	0.80	1.38	2.62	1:1.90	27.0	5.0	0.0
4.882	351.5	-----	22.29	23.16	19.4	4.9	18.8	10.4	-15.0	0.02	0.79	1.38	2.62	1:1.90	27.8	4.9	0.0
4.870	350.1	-----	22.29	23.13	19.4	5.0	18.8	10.4	-15.1	0.01	0.79	1.36	2.62	1:1.93	26.7	5.0	0.0
4.845	351.5	-----	22.24	23.21	19.4	4.9	18.8	10.4	-15.1	0.01	0.79	1.36	2.62	1:1.93	26.4	4.9	0.0
4.885	350.8	-----	22.21	23.08	19.4	4.9	18.8	10.4	-15.1	0.01	0.79	1.37	2.61	1:1.91	26.3	4.9	0.0
4.872	351.6	-----	22.32	23.21	19.4	4.9	18.7	10.4	-15.0	0.01	0.78	1.38	2.62	1:1.90	26.8	4.9	0.0
