Minute Volume (lpm)	Tidal Volume (ml)	Base Flow (lpm)	PIF (lpm)	PEF (lpm)	PIP (cmH2O)	PEEP (cmH2O)	IPP (cmH2O)	MAP (cmH2O)	Breath Rate	In. Hold (sec)	Ex. Hold (sec)	In. Time (sec)	Ex. Time (sec)	I:E Ratio	Compliance (ml/cmH2O)	Min Airway Press	Assist Press	Time
5.265	391.0	-----	22.58	20.67	30.4	15.0	30.3	20.1	-15.1	0.05	0.44	1.32	2.66	1:2.02	26.7	15.0	0.0	11:49:58
5.243	387.7	-----	22.63	20.44	30.3	15.0	30.3	20.1	-15.1	0.06	0.42	1.30	2.68	1:2.06	26.3	15.0	0.0
5.144	384.4	-----	22.71	20.14	30.2	15.0	30.2	20.0	-15.0	0.05	0.46	1.27	2.72	1:2.14	26.3	15.0	0.0
5.109	383.3	-----	22.66	19.69	30.3	15.1	30.2	20.0	-15.0	0.04	0.45	1.25	2.74	1:2.19	26.4	15.1	0.0
5.092	378.4	-----	22.74	19.74	30.2	15.0	30.2	20.0	-15.1	0.04	0.49	1.24	2.74	1:2.21	27.0	15.0	0.0
5.072	377.9	-----	22.78	19.66	30.3	15.0	30.3	20.0	-15.0	0.05	0.47	1.24	2.75	1:2.22	26.9	15.0	0.0
5.059	376.1	-----	22.89	19.87	30.3	15.0	30.3	20.0	-15.1	0.05	0.45	1.24	2.74	1:2.21	25.5	15.0	0.0
5.016	375.4	-----	22.63	20.07	30.3	15.0	30.3	20.0	-15.0	0.07	0.42	1.27	2.73	1:2.15	25.7	15.0	0.0
4.999	371.7	-----	22.71	20.27	30.4	15.1	30.4	20.1	-15.0	0.14	0.43	1.33	2.67	1:2.01	26.1	15.1	0.0
4.990	373.3	-----	22.85	20.41	30.4	15.1	30.4	20.1	-15.0	0.14	0.40	1.33	2.66	1:2.00	25.2	15.1	0.0
4.992	368.7	-----	22.61	20.54	30.5	15.1	30.5	20.1	-15.1	0.14	0.42	1.34	2.64	1:1.97	25.4	15.1	0.0
4.968	371.8	-----	22.82	20.61	30.6	15.1	30.6	20.1	-15.0	0.14	0.40	1.34	2.65	1:1.98	24.7	15.1	0.0
4.936	371.4	-----	22.82	20.69	30.6	15.0	30.6	20.1	-15.0	0.14	0.39	1.34	2.66	1:1.99	24.9	15.0	0.0
4.921	370.0	-----	22.90	20.57	30.7	15.1	30.6	20.1	-15.0	0.15	0.39	1.34	2.66	1:1.99	26.0	15.1	0.0
