Minute Volume (lpm)	Tidal Volume (ml)	Base Flow (lpm)	PIF (lpm)	PEF (lpm)	PIP (cmH2O)	PEEP (cmH2O)	IPP (cmH2O)	MAP (cmH2O)	Breath Rate	In. Hold (sec)	Ex. Hold (sec)	In. Time (sec)	Ex. Time (sec)	I:E Ratio	Compliance (ml/cmH2O)	Min Airway Press	Assist Press	Time
6.160	292.6	-----	22.16	21.61	17.6	5.0	15.8	9.9	-25.0	0.01	0.00	0.85	1.55	1:1.82	29.8	5.0	0.0	11:51:54
6.167	292.5	-----	22.21	21.69	17.7	5.0	15.9	9.9	-25.0	0.01	0.00	0.85	1.55	1:1.82	29.5	5.0	0.0
6.157	292.2	-----	22.32	21.71	17.6	5.0	15.9	9.9	-25.0	0.01	0.00	0.85	1.55	1:1.82	29.5	5.0	0.0
6.185	290.0	-----	22.21	21.73	17.7	5.0	15.9	9.9	-25.1	0.01	0.00	0.85	1.54	1:1.81	28.4	5.0	0.0
6.152	292.2	-----	22.21	21.71	17.6	5.0	15.9	9.9	-25.0	0.01	0.00	0.85	1.55	1:1.82	28.6	5.0	0.0
6.147	291.9	-----	22.29	21.91	17.7	5.0	15.9	9.9	-25.0	0.01	0.00	0.85	1.55	1:1.82	28.6	5.0	0.0
6.147	290.5	-----	22.18	21.63	17.6	5.0	15.8	9.9	-25.0	0.01	0.01	0.85	1.55	1:1.82	31.2	5.0	0.0
6.147	291.4	-----	22.21	21.78	17.7	5.0	15.9	9.9	-25.0	0.01	0.01	0.85	1.55	1:1.82	31.0	5.0	0.0
6.137	291.0	-----	22.21	21.71	17.7	5.0	15.9	9.9	-25.0	0.01	0.01	0.85	1.55	1:1.82	30.6	5.0	0.0
6.160	291.2	-----	22.21	21.71	17.7	5.0	15.9	9.9	-25.1	0.01	0.00	0.85	1.54	1:1.81	28.5	5.0	0.0
6.140	291.2	-----	22.14	21.98	17.7	5.0	15.8	9.9	-25.0	0.01	0.00	0.86	1.54	1:1.79	28.8	5.0	0.0
6.145	291.2	-----	22.24	22.11	17.7	5.0	15.9	9.9	-25.0	0.01	0.00	0.86	1.54	1:1.79	28.5	5.0	0.0
6.140	290.9	-----	22.19	21.87	17.7	5.0	15.8	9.9	-25.0	0.01	0.00	0.86	1.54	1:1.79	28.5	5.0	0.0
6.127	292.1	-----	22.26	21.87	17.7	5.0	16.1	9.9	-25.0	0.01	0.00	0.85	1.55	1:1.82	28.0	5.0	0.0
6.155	290.1	-----	22.05	21.71	17.7	5.0	16.1	9.9	-25.1	0.01	0.00	0.85	1.54	1:1.81	28.4	5.0	0.0
6.118	288.0	-----	22.21	21.71	17.7	5.0	16.1	9.9	-25.2	0.02	0.00	0.85	1.53	1:1.80	27.9	5.0	0.0
6.158	289.0	-----	22.21	21.71	17.7	5.0	15.9	9.9	-25.1	0.01	0.00	0.85	1.54	1:1.81	28.3	5.0	0.0
6.080	291.0	-----	22.03	21.59	17.7	5.0	15.9	9.9	-25.0	0.01	0.01	0.85	1.55	1:1.82	30.3	5.0	0.0
6.082	291.2	-----	22.16	21.73	17.7	5.0	15.9	9.9	-25.1	0.01	0.00	0.84	1.55	1:1.85	29.1	5.0	0.0
6.125	291.3	-----	22.18	21.73	17.7	5.0	15.9	9.9	-25.0	0.01	0.00	0.85	1.55	1:1.82	29.1	5.0	0.0
6.130	290.6	-----	22.14	21.87	17.8	4.9	15.9	9.9	-25.0	0.01	0.01	0.85	1.55	1:1.82	29.3	4.9	0.0
6.120	290.8	-----	22.10	21.69	17.7	5.0	15.9	9.9	-25.0	0.01	0.01	0.85	1.55	1:1.82	29.3	5.0	0.0
6.082	290.9	-----	22.34	21.71	17.7	5.0	16.0	9.9	-25.1	0.01	0.00	0.84	1.55	1:1.85	28.2	5.0	0.0
6.095	290.9	-----	22.18	21.76	17.7	5.0	15.9	9.9	-25.0	0.01	0.01	0.85	1.55	1:1.82	30.6	5.0	0.0
6.082	291.0	-----	22.10	21.83	17.7	5.0	15.9	9.9	-25.1	0.01	0.01	0.84	1.55	1:1.85	29.3	5.0	0.0
