Minute Volume (lpm)	Tidal Volume (ml)	Base Flow (lpm)	PIF (lpm)	PEF (lpm)	PIP (cmH2O)	PEEP (cmH2O)	IPP (cmH2O)	MAP (cmH2O)	Breath Rate	In. Hold (sec)	Ex. Hold (sec)	In. Time (sec)	Ex. Time (sec)	I:E Ratio	Compliance (ml/cmH2O)	Min Airway Press	Assist Press	Time
4.676	349.0	-----	21.24	22.45	19.1	4.9	18.7	10.4	-15.0	0.01	0.73	1.37	2.62	1:1.91	27.2	4.9	0.0	11:58:29
4.669	350.6	-----	21.11	22.46	19.2	4.9	18.6	10.4	-15.0	0.01	0.71	1.37	2.62	1:1.91	26.5	4.9	0.0
4.656	349.5	-----	21.30	22.46	19.2	4.9	18.7	10.4	-15.0	0.02	0.73	1.38	2.62	1:1.90	26.6	4.9	0.0
4.653	349.9	-----	21.21	22.40	19.2	4.9	18.8	10.4	-15.1	0.02	0.70	1.37	2.60	1:1.90	26.3	4.9	0.0
4.669	349.3	-----	21.32	22.49	19.2	4.9	18.7	10.4	-15.0	0.02	0.71	1.38	2.61	1:1.89	27.0	4.9	0.0
4.662	349.2	-----	21.27	22.49	19.2	4.9	18.7	10.4	-15.1	0.02	0.72	1.37	2.61	1:1.91	26.2	4.9	0.0
4.666	350.9	-----	21.21	22.39	19.2	4.9	18.7	10.4	-15.0	0.02	0.71	1.38	2.61	1:1.89	26.5	4.9	0.0
4.651	350.8	-----	21.11	22.40	19.2	4.9	18.7	10.4	-15.0	0.02	0.72	1.38	2.62	1:1.90	27.6	4.9	0.0
4.660	350.5	-----	21.21	22.56	19.1	4.9	18.6	10.4	-15.0	0.01	0.72	1.37	2.62	1:1.91	26.5	4.9	0.0
4.648	351.6	-----	21.38	22.42	19.2	4.9	18.7	10.4	-15.0	0.02	0.71	1.38	2.62	1:1.90	27.2	4.9	0.0
4.663	351.5	-----	21.24	22.56	19.2	4.9	18.7	10.4	-15.0	0.01	0.71	1.37	2.62	1:1.91	26.2	4.9	0.0
4.657	350.6	-----	21.30	22.54	19.2	4.9	18.6	10.4	-15.0	0.01	0.72	1.37	2.62	1:1.91	27.8	4.9	0.0
4.640	351.8	-----	21.21	22.52	19.2	4.9	18.7	10.4	-15.0	0.02	0.71	1.37	2.62	1:1.91	27.9	4.9	0.0
4.646	351.4	-----	21.13	22.59	19.2	4.9	18.7	10.4	-15.0	0.02	0.71	1.37	2.62	1:1.91	27.8	4.9	0.0
4.632	351.6	-----	21.19	22.46	19.2	4.9	18.7	10.4	-15.1	0.01	0.71	1.36	2.62	1:1.93	27.4	4.9	0.0
4.663	351.2	-----	21.19	22.54	19.2	4.9	18.7	10.4	-15.0	0.01	0.71	1.37	2.62	1:1.91	26.6	4.9	0.0
4.660	349.5	-----	21.30	22.55	19.2	4.9	18.8	10.4	-15.0	0.02	0.71	1.38	2.61	1:1.89	26.0	4.9	0.0
4.639	351.4	-----	21.30	22.63	19.2	5.0	18.8	10.4	-15.0	0.02	0.71	1.38	2.62	1:1.90	27.0	5.0	0.0
4.657	351.4	-----	21.08	22.40	19.2	4.9	18.6	10.4	-15.0	0.01	0.71	1.37	2.62	1:1.91	26.6	4.9	0.0
4.642	351.6	-----	21.21	22.59	19.2	4.9	18.6	10.3	-15.0	0.01	0.71	1.37	2.62	1:1.91	26.6	4.9	0.0
4.638	351.5	-----	21.11	22.61	19.2	4.9	18.8	10.4	-15.0	0.02	0.72	1.38	2.62	1:1.90	26.6	4.9	0.0
4.621	350.9	-----	21.32	22.45	19.2	4.9	18.7	10.4	-15.0	0.02	0.73	1.37	2.62	1:1.91	26.9	4.9	0.0
4.683	345.9	-----	21.21	22.40	19.2	4.9	18.6	10.4	-15.2	0.01	0.70	1.37	2.59	1:1.89	26.2	4.9	0.0
4.633	353.0	-----	21.24	22.42	19.2	4.9	18.7	10.4	-15.0	0.02	0.70	1.38	2.62	1:1.90	27.5	4.9	0.0
4.659	349.7	-----	21.27	22.42	19.2	4.9	18.6	10.4	-15.1	0.01	0.71	1.37	2.61	1:1.91	26.4	4.9	0.0
4.638	351.3	-----	21.27	22.40	19.2	4.9	18.7	10.4	-15.0	0.02	0.72	1.38	2.62	1:1.90	27.8	4.9	0.0
4.628	351.3	-----	21.21	22.49	19.2	4.9	18.7	10.4	-15.1	0.02	0.71	1.37	2.61	1:1.91	27.0	4.9	0.0
4.649	350.8	-----	21.13	22.59	19.2	4.9	18.7	10.4	-15.0	0.01	0.72	1.37	2.62	1:1.91	27.1	4.9	0.0
4.649	352.7	-----	21.19	22.42	19.2	4.9	18.7	10.4	-15.0	0.01	0.70	1.37	2.62	1:1.91	26.5	4.9	0.0
4.644	352.2	-----	21.21	22.63	19.2	4.9	18.6	10.4	-15.0	0.01	0.71	1.38	2.62	1:1.90	27.0	4.9	0.0
