Minute Volume (lpm)	Tidal Volume (ml)	Base Flow (lpm)	PIF (lpm)	PEF (lpm)	PIP (cmH2O)	PEEP (cmH2O)	IPP (cmH2O)	MAP (cmH2O)	Breath Rate	In. Hold (sec)	Ex. Hold (sec)	In. Time (sec)	Ex. Time (sec)	I:E Ratio	Compliance (ml/cmH2O)	Min Airway Press	Assist Press	Time
4.646	351.4	-----	21.24	22.59	19.2	4.9	18.7	10.4	-15.0	0.02	0.70	1.38	2.61	1:1.89	27.2	4.9	0.0	12:01:20
4.739	125.2	-----	21.16	9.60	19.2	14.4	19.1	15.5	-15.0	0.07	1.31	1.51	2.48	1:1.64	27.8	8.8	5.6
1.876	134.1	-----	12.80	9.76	19.6	14.3	19.6	16.6	-15.0	0.44	1.30	1.38	2.62	1:1.90	28.5	14.2	0.1
5.669	401.5	-----	22.05	20.26	29.6	17.0	29.4	20.0	-15.0	0.02	0.34	1.39	2.60	1:1.87	29.3	15.0	2.0
5.188	402.4	-----	21.60	20.22	30.3	15.0	30.3	20.1	-15.0	0.03	0.33	1.35	2.65	1:1.96	28.5	15.0	0.0
5.061	398.5	-----	21.60	20.07	30.2	15.0	30.2	20.1	-15.0	0.06	0.32	1.33	2.66	1:2.00	28.4	15.0	0.0
5.025	394.0	-----	21.68	19.90	30.2	15.0	30.2	20.0	-15.0	0.07	0.32	1.32	2.67	1:2.02	26.9	15.0	0.0
4.957	391.0	-----	21.63	19.57	30.2	15.0	30.2	20.0	-15.0	0.06	0.34	1.29	2.71	1:2.10	27.7	15.0	0.0
4.929	386.4	-----	21.63	19.57	30.2	15.0	30.2	19.9	-15.0	0.06	0.35	1.28	2.71	1:2.12	27.6	15.0	0.0
4.890	385.6	-----	21.74	19.32	30.1	15.0	30.1	19.9	-15.0	0.06	0.35	1.26	2.73	1:2.17	26.5	15.0	0.0
4.846	384.1	-----	21.71	19.36	30.2	15.1	30.2	19.9	-15.0	0.07	0.34	1.27	2.73	1:2.15	27.4	15.1	0.0
4.830	381.9	-----	21.55	19.60	30.2	15.0	30.2	20.0	-15.0	0.07	0.34	1.26	2.73	1:2.17	25.9	15.0	0.0
4.791	379.6	-----	21.63	19.60	30.2	15.1	30.2	20.0	-15.0	0.10	0.34	1.29	2.71	1:2.10	26.7	15.1	0.0
4.786	378.3	-----	21.79	19.73	30.3	15.0	30.3	20.0	-15.0	0.13	0.32	1.32	2.67	1:2.02	25.5	15.0	0.0
4.753	378.3	-----	21.68	19.66	30.3	15.0	30.3	20.0	-15.0	0.15	0.30	1.34	2.66	1:1.99	26.0	15.0	0.0
