Minute Volume (lpm)	Tidal Volume (ml)	Base Flow (lpm)	PIF (lpm)	PEF (lpm)	PIP (cmH2O)	PEEP (cmH2O)	IPP (cmH2O)	MAP (cmH2O)	Breath Rate	In. Hold (sec)	Ex. Hold (sec)	In. Time (sec)	Ex. Time (sec)	I:E Ratio	Compliance (ml/cmH2O)	Min Airway Press	Assist Press	Time
7.573	594.3	-----	28.49	26.48	26.0	5.0	23.4	13.3	-15.0	0.01	0.02	1.38	2.62	1:1.90	35.3	5.0	0.0	12:03:22
7.545	594.1	-----	28.43	26.59	26.1	5.0	23.3	13.3	-15.0	0.01	0.02	1.37	2.62	1:1.91	36.0	5.0	0.0
7.608	590.6	-----	28.61	26.42	26.0	5.0	23.0	13.3	-15.1	0.01	0.01	1.38	2.60	1:1.88	34.3	5.0	0.0
7.593	588.3	-----	28.47	26.42	26.0	4.9	23.0	13.3	-15.0	0.01	0.02	1.39	2.60	1:1.87	35.4	4.9	0.0
7.544	588.2	-----	28.37	26.66	26.0	4.9	22.9	13.2	-15.1	0.01	0.02	1.37	2.60	1:1.90	35.8	4.9	0.0
7.586	593.8	-----	28.64	26.54	26.1	4.9	23.1	13.3	-15.0	0.01	0.01	1.38	2.61	1:1.89	34.1	4.9	0.0
7.573	593.5	-----	28.50	26.54	26.0	5.0	22.9	13.3	-15.0	0.00	0.02	1.37	2.63	1:1.92	35.7	5.0	0.0
7.581	593.9	-----	28.72	26.57	26.0	5.0	23.3	13.3	-15.0	0.01	0.01	1.38	2.61	1:1.89	33.7	5.0	0.0
7.590	591.3	-----	28.70	26.39	26.1	5.0	22.9	13.3	-15.0	0.01	0.02	1.39	2.60	1:1.87	36.2	5.0	0.0
7.596	587.8	-----	28.37	26.69	26.1	4.9	23.0	13.3	-15.1	0.01	0.02	1.38	2.60	1:1.88	34.7	4.9	0.0
7.586	591.5	-----	28.52	26.69	26.0	4.9	23.2	13.3	-15.0	0.01	0.02	1.38	2.61	1:1.89	35.0	4.9	0.0
7.581	593.5	-----	28.35	26.48	26.1	5.0	23.2	13.3	-15.0	0.01	0.01	1.38	2.61	1:1.89	33.9	5.0	0.0
7.587	593.1	-----	28.69	26.57	26.1	5.0	22.9	13.3	-15.0	0.00	0.01	1.37	2.62	1:1.91	34.4	5.0	0.0
7.570	594.0	-----	28.64	26.92	26.1	4.9	22.9	13.3	-15.0	0.00	0.02	1.37	2.63	1:1.92	35.5	4.9	0.0
7.578	592.8	-----	28.41	26.51	26.0	5.0	23.2	13.3	-15.0	0.01	0.02	1.38	2.61	1:1.89	35.2	5.0	0.0
7.538	593.6	-----	28.38	26.71	26.0	5.0	23.4	13.3	-15.0	0.01	0.02	1.37	2.62	1:1.91	35.3	5.0	0.0
