Minute Volume (lpm)	Tidal Volume (ml)	Base Flow (lpm)	PIF (lpm)	PEF (lpm)	PIP (cmH2O)	PEEP (cmH2O)	IPP (cmH2O)	MAP (cmH2O)	Breath Rate	In. Hold (sec)	Ex. Hold (sec)	In. Time (sec)	Ex. Time (sec)	I:E Ratio	Compliance (ml/cmH2O)	Min Airway Press	Assist Press	Time
4.947	410.2	-----	20.83	23.34	19.5	5.3	19.5	12.8	-15.0	0.36	0.01	2.00	1.99	1.01:1	31.0	5.3	0.0	12:04:57
5.022	413.7	-----	20.86	23.50	19.5	5.2	19.5	12.8	-15.0	0.33	0.01	2.01	1.99	1.01:1	31.3	5.2	0.0
5.082	415.1	-----	20.94	23.71	19.5	5.1	19.5	12.7	-15.0	0.30	0.00	2.01	1.98	1.02:1	30.2	5.1	0.0
5.094	417.1	-----	21.00	23.80	19.5	5.1	19.5	12.7	-15.0	0.30	0.01	2.01	1.98	1.02:1	31.3	5.1	0.0
5.091	420.1	-----	21.11	23.78	19.5	5.0	19.5	12.7	-15.0	0.28	0.00	2.00	1.99	1.01:1	30.6	5.0	0.0
5.142	421.1	-----	21.00	24.07	19.5	5.0	19.5	12.7	-15.0	0.26	0.00	2.01	1.98	1.02:1	30.2	5.0	0.0
5.185	422.7	-----	21.11	23.93	19.6	5.0	19.5	12.7	-15.0	0.21	0.00	2.02	1.98	1.02:1	30.4	5.0	0.0
5.467	407.4	-----	21.40	23.62	19.6	5.0	19.5	12.7	-15.0	0.02	0.01	2.00	1.99	1.01:1	30.4	5.0	0.0
5.470	407.7	-----	21.40	23.78	19.6	5.0	19.5	12.7	-15.0	0.02	0.01	2.01	1.99	1.01:1	30.4	5.0	0.0
5.473	407.9	-----	21.32	23.69	19.7	5.0	19.6	12.7	-15.0	0.02	0.00	2.01	1.98	1.02:1	29.3	5.0	0.0
5.467	408.4	-----	21.62	23.71	19.7	5.0	19.6	12.7	-15.0	0.02	0.00	2.01	1.99	1.01:1	29.3	5.0	0.0
5.443	403.4	-----	21.40	23.69	19.6	5.0	19.6	12.7	-15.1	0.02	0.01	1.99	1.98	1.01:1	29.8	5.0	0.0
5.463	407.1	-----	21.43	23.71	19.6	5.0	19.6	12.7	-15.0	0.02	0.01	2.01	1.99	1.01:1	30.1	5.0	0.0
