Minute Volume (lpm)	Tidal Volume (ml)	Base Flow (lpm)	PIF (lpm)	PEF (lpm)	PIP (cmH2O)	PEEP (cmH2O)	IPP (cmH2O)	MAP (cmH2O)	Breath Rate	In. Hold (sec)	Ex. Hold (sec)	In. Time (sec)	Ex. Time (sec)	I:E Ratio	Compliance (ml/cmH2O)	Min Airway Press	Assist Press	Time
8.134	596.3	-----	28.56	27.85	30.5	5.4	30.5	17.2	-15.1	0.33	0.00	1.99	1.99	1:1.00	25.2	5.4	0.0	12:08:39
8.115	601.3	-----	28.43	28.42	30.5	5.4	30.5	17.2	-15.0	0.33	0.00	2.00	2.00	1:1.00	25.4	5.4	0.0
8.105	599.7	-----	28.35	28.23	30.6	5.4	30.6	17.2	-15.0	0.32	0.00	1.99	2.00	1:1.01	25.5	5.4	0.0
8.112	601.7	-----	28.44	27.96	30.5	5.4	30.5	17.2	-15.0	0.33	0.00	1.99	2.00	1:1.01	25.3	5.4	0.0
8.137	601.6	-----	28.44	28.27	30.5	5.4	30.5	17.2	-15.0	0.33	0.00	2.00	2.00	1:1.00	25.4	5.4	0.0
8.137	601.4	-----	28.38	28.00	30.5	5.4	30.5	17.2	-15.0	0.33	0.00	2.00	2.00	1:1.00	25.4	5.4	0.0
8.140	601.4	-----	28.32	28.07	30.4	5.3	30.4	17.2	-15.0	0.33	0.00	2.00	2.00	1:1.00	25.7	5.3	0.0
8.157	599.4	-----	28.58	27.99	30.4	5.4	30.4	17.2	-15.0	0.33	0.00	2.00	1.99	1.01:1	25.2	5.4	0.0
8.163	597.3	-----	28.50	28.02	30.6	5.4	30.6	17.2	-15.0	0.32	0.00	2.00	1.99	1.01:1	25.3	5.4	0.0
8.128	602.4	-----	28.47	28.04	30.5	5.3	30.5	17.2	-15.1	0.32	0.00	1.98	2.00	1:1.01	25.3	5.3	0.0
8.139	602.1	-----	28.35	28.05	30.5	5.3	30.5	17.2	-15.0	0.33	0.00	2.00	2.00	1:1.00	25.6	5.3	0.0
8.164	596.7	-----	28.38	28.14	30.6	5.4	30.6	17.2	-15.1	0.32	0.00	1.99	1.98	1.01:1	24.9	5.4	0.0
8.149	602.3	-----	28.50	28.07	30.5	5.4	30.5	17.2	-15.0	0.32	0.00	2.00	2.00	1:1.00	25.4	5.4	0.0
8.151	597.3	-----	28.38	28.19	30.5	5.4	30.5	17.2	-15.0	0.33	0.00	2.00	1.99	1.01:1	25.4	5.4	0.0
8.133	602.1	-----	28.38	28.16	30.5	5.4	30.5	17.2	-15.0	0.33	0.00	2.00	2.00	1:1.00	25.6	5.4	0.0
