Minute Volume (lpm)	Tidal Volume (ml)	Base Flow (lpm)	PIF (lpm)	PEF (lpm)	PIP (cmH2O)	PEEP (cmH2O)	IPP (cmH2O)	MAP (cmH2O)	Breath Rate	In. Hold (sec)	Ex. Hold (sec)	In. Time (sec)	Ex. Time (sec)	I:E Ratio	Compliance (ml/cmH2O)	Min Airway Press	Assist Press	Time
5.010	391.4	-----	19.42	24.60	19.4	6.4	19.3	15.2	-15.0	0.85	0.00	2.67	1.33	2.01:1	34.3	6.4	0.0	12:10:35
5.035	390.0	-----	19.35	24.49	19.4	6.4	19.3	15.2	-15.0	0.83	0.00	2.67	1.33	2.01:1	36.1	6.4	0.0
5.028	392.1	-----	19.40	24.45	19.4	6.4	19.3	15.2	-15.0	0.83	0.00	2.66	1.34	1.99:1	36.3	6.4	0.0
4.998	391.5	-----	19.52	24.54	19.4	6.4	19.2	15.2	-15.0	0.86	0.00	2.66	1.34	1.99:1	36.5	6.4	0.0
5.023	391.4	-----	19.32	24.41	19.4	6.4	19.3	15.2	-15.0	0.84	0.00	2.66	1.34	1.99:1	36.2	6.4	0.0
5.025	390.7	-----	19.49	24.49	19.4	6.4	19.3	15.1	-15.0	0.84	0.00	2.66	1.34	1.99:1	36.1	6.4	0.0
5.051	392.0	-----	19.42	24.54	19.5	6.4	19.4	15.2	-15.0	0.83	0.00	2.66	1.33	2.00:1	34.0	6.4	0.0
5.035	390.7	-----	19.42	24.63	19.5	6.4	19.3	15.2	-15.0	0.84	0.00	2.67	1.33	2.01:1	34.5	6.4	0.0
5.050	391.5	-----	19.45	24.60	19.4	6.4	19.4	15.2	-15.0	0.83	0.00	2.67	1.33	2.01:1	34.3	6.4	0.0
5.035	390.7	-----	19.45	24.54	19.4	6.4	19.3	15.2	-15.0	0.84	0.00	2.67	1.33	2.01:1	34.2	6.4	0.0
5.050	392.2	-----	19.52	24.63	19.4	6.4	19.4	15.2	-15.0	0.83	0.00	2.67	1.33	2.01:1	34.4	6.4	0.0
5.026	391.3	-----	19.35	24.34	19.5	6.4	19.4	15.1	-15.0	0.83	0.00	2.66	1.34	1.99:1	35.8	6.4	0.0
5.037	391.3	-----	19.54	24.38	19.5	6.4	19.4	15.2	-15.0	0.83	0.00	2.65	1.34	1.98:1	35.2	6.4	0.0
