Minute Volume (lpm)	Tidal Volume (ml)	Base Flow (lpm)	PIF (lpm)	PEF (lpm)	PIP (cmH2O)	PEEP (cmH2O)	IPP (cmH2O)	MAP (cmH2O)	Breath Rate	In. Hold (sec)	Ex. Hold (sec)	In. Time (sec)	Ex. Time (sec)	I:E Ratio	Compliance (ml/cmH2O)	Min Airway Press	Assist Press	Time
6.259	461.6	-----	25.70	27.76	30.4	8.1	30.4	21.5	-15.0	1.31	0.00	2.65	1.35	1.96:1	24.4	8.1	0.0	12:13:40
6.268	462.3	-----	25.61	27.96	30.5	8.1	30.5	21.6	-15.0	1.31	0.00	2.65	1.35	1.96:1	24.3	8.1	0.0
6.259	462.0	-----	25.73	27.73	30.4	8.1	30.4	21.6	-15.0	1.31	0.00	2.65	1.35	1.96:1	24.5	8.1	0.0
6.273	462.4	-----	25.64	27.90	30.5	8.1	30.5	21.6	-15.0	1.30	0.00	2.65	1.35	1.96:1	24.4	8.1	0.0
6.240	462.5	-----	25.64	27.85	30.4	8.1	30.4	21.6	-15.0	1.30	0.00	2.64	1.35	1.96:1	24.3	8.1	0.0
6.278	462.6	-----	25.67	27.90	30.4	8.1	30.4	21.6	-15.0	1.31	0.00	2.65	1.34	1.98:1	23.6	8.1	0.0
6.261	463.0	-----	25.67	27.85	30.4	8.1	30.4	21.6	-15.0	1.31	0.00	2.66	1.34	1.99:1	23.8	8.1	0.0
6.233	458.6	-----	25.70	28.11	30.5	8.1	30.5	21.6	-15.0	1.31	0.00	2.65	1.34	1.98:1	24.1	8.1	0.0
6.239	461.5	-----	25.87	27.99	30.5	8.1	30.5	21.6	-15.0	1.31	0.00	2.65	1.34	1.98:1	23.9	8.1	0.0
6.270	460.1	-----	25.61	27.67	30.5	8.1	30.5	21.6	-15.0	1.30	0.00	2.65	1.34	1.98:1	23.1	8.1	0.0
6.222	462.0	-----	25.82	27.81	30.5	8.1	30.5	21.6	-15.0	1.30	0.00	2.65	1.35	1.96:1	24.4	8.1	0.0
6.224	462.2	-----	25.73	27.81	30.5	8.1	30.5	21.6	-15.0	1.30	0.00	2.64	1.35	1.96:1	24.3	8.1	0.0
6.258	462.1	-----	25.82	27.99	30.5	8.1	30.5	21.6	-15.0	1.30	0.00	2.65	1.35	1.96:1	24.3	8.1	0.0
6.256	461.8	-----	25.82	27.93	30.5	8.1	30.5	21.6	-15.0	1.30	0.00	2.65	1.35	1.96:1	24.4	8.1	0.0
