Minute Volume (lpm)	Tidal Volume (ml)	Base Flow (lpm)	PIF (lpm)	PEF (lpm)	PIP (cmH2O)	PEEP (cmH2O)	IPP (cmH2O)	MAP (cmH2O)	Breath Rate	In. Hold (sec)	Ex. Hold (sec)	In. Time (sec)	Ex. Time (sec)	I:E Ratio	Compliance (ml/cmH2O)	Min Airway Press	Assist Press	Time
3.400	235.4	-----	17.47	18.87	14.4	7.2	14.4	8.4	-15.0	0.10	1.11	1.33	2.66	1:2.00	26.4	4.7	2.5	12:15:48
3.327	231.8	-----	17.39	18.54	14.5	7.4	14.4	8.5	-15.1	0.13	1.10	1.34	2.64	1:1.97	25.4	4.8	2.6
3.289	232.7	-----	17.10	18.48	14.5	7.5	14.4	8.5	-15.0	0.12	1.09	1.34	2.66	1:1.99	26.7	4.8	2.7
3.311	234.4	-----	17.05	18.50	14.6	7.5	14.6	8.6	-15.0	0.10	1.07	1.35	2.64	1:1.96	26.3	4.9	2.6
3.338	235.8	-----	17.02	18.56	14.6	7.6	14.6	8.6	-15.0	0.05	1.07	1.35	2.64	1:1.96	25.3	4.9	2.7
3.348	236.9	-----	16.93	18.48	14.6	7.6	14.6	8.6	-15.0	0.03	1.06	1.36	2.64	1:1.94	26.3	4.9	2.7
3.366	237.1	-----	17.10	18.73	14.8	7.6	14.6	8.6	-15.0	0.03	1.06	1.36	2.63	1:1.93	25.2	4.9	2.7
3.350	238.9	-----	17.05	18.61	14.8	7.6	14.7	8.6	-15.0	0.02	1.05	1.35	2.64	1:1.96	25.1	4.9	2.7
3.363	238.3	-----	17.02	18.87	14.8	7.6	14.6	8.6	-15.0	0.02	1.06	1.36	2.64	1:1.94	26.1	4.9	2.7
3.363	236.8	-----	17.05	18.79	14.7	7.6	14.6	8.6	-15.0	0.03	1.06	1.36	2.63	1:1.93	26.0	4.9	2.7
3.329	237.5	-----	17.05	18.70	14.8	7.6	14.7	8.6	-15.0	0.03	1.07	1.35	2.64	1:1.96	26.3	4.9	2.7
3.320	235.9	-----	16.99	18.85	14.7	7.5	14.6	8.6	-15.0	0.03	1.08	1.35	2.64	1:1.96	26.5	4.9	2.6
