Minute Volume (lpm)	Tidal Volume (ml)	Base Flow (lpm)	PIF (lpm)	PEF (lpm)	PIP (cmH2O)	PEEP (cmH2O)	IPP (cmH2O)	MAP (cmH2O)	Breath Rate	In. Hold (sec)	Ex. Hold (sec)	In. Time (sec)	Ex. Time (sec)	I:E Ratio	Compliance (ml/cmH2O)	Min Airway Press	Assist Press	Time
3.198	256.6	-----	16.90	18.92	14.6	5.0	14.6	10.2	-15.0	0.78	0.30	2.01	1.99	1.01:1	28.5	5.0	0.0	12:17:12
3.205	256.4	-----	17.05	18.87	14.6	4.9	14.6	10.2	-15.0	0.78	0.30	2.01	1.99	1.01:1	28.4	4.9	0.0
3.219	253.8	-----	16.93	18.95	14.6	4.9	14.6	10.2	-15.0	0.78	0.30	2.01	1.98	1.02:1	27.8	4.9	0.0
3.178	255.3	-----	17.10	18.76	14.6	4.9	14.6	10.2	-15.0	0.79	0.31	2.01	1.99	1.01:1	29.0	4.9	0.0
3.204	254.3	-----	16.93	18.81	14.6	4.9	14.6	10.2	-15.0	0.79	0.31	2.01	1.98	1.02:1	28.5	4.9	0.0
3.172	255.0	-----	16.93	18.87	14.6	4.9	14.6	10.2	-15.0	0.81	0.30	2.01	1.98	1.02:1	28.0	4.9	0.0
3.195	257.5	-----	16.99	18.95	14.6	4.9	14.6	10.2	-15.0	0.78	0.30	2.01	1.98	1.02:1	27.6	4.9	0.0
3.198	257.7	-----	16.90	18.97	14.6	4.9	14.6	10.2	-15.0	0.79	0.29	2.02	1.98	1.02:1	29.2	4.9	0.0
3.195	255.6	-----	16.96	19.09	14.6	4.9	14.6	10.2	-15.0	0.79	0.32	2.01	1.99	1.01:1	28.7	4.9	0.0
3.189	253.1	-----	16.93	18.92	14.6	4.9	14.6	10.2	-15.0	0.80	0.32	2.01	1.98	1.02:1	28.1	4.9	0.0
3.209	255.1	-----	16.96	19.00	14.6	4.9	14.6	10.2	-15.0	0.78	0.31	2.01	1.98	1.02:1	27.4	4.9	0.0
3.204	255.2	-----	17.02	19.03	14.6	4.9	14.6	10.2	-15.0	0.78	0.32	2.02	1.98	1.02:1	29.0	4.9	0.0
3.173	254.7	-----	16.99	18.97	14.6	4.9	14.6	10.2	-15.1	0.79	0.31	2.00	1.98	1.01:1	27.6	4.9	0.0
