Minute Volume (lpm)	Tidal Volume (ml)	Base Flow (lpm)	PIF (lpm)	PEF (lpm)	PIP (cmH2O)	PEEP (cmH2O)	IPP (cmH2O)	MAP (cmH2O)	Breath Rate	In. Hold (sec)	Ex. Hold (sec)	In. Time (sec)	Ex. Time (sec)	I:E Ratio	Compliance (ml/cmH2O)	Min Airway Press	Assist Press	Time
2.956	252.3	-----	16.25	17.80	14.6	5.2	14.5	11.6	-15.0	1.53	0.00	2.67	1.32	2.02:1	30.0	5.2	0.0	12:18:34
2.992	253.2	-----	16.33	17.67	14.6	5.2	14.5	11.6	-15.0	1.52	0.00	2.68	1.32	2.03:1	29.7	5.2	0.0
3.021	254.6	-----	16.37	17.74	14.6	5.1	14.6	11.6	-15.0	1.50	0.00	2.67	1.33	2.01:1	29.6	5.1	0.0
3.021	255.9	-----	16.37	17.93	14.6	5.1	14.5	11.6	-15.0	1.51	0.00	2.67	1.33	2.01:1	30.1	5.1	0.0
3.016	255.8	-----	16.48	17.96	14.6	5.1	14.5	11.6	-15.0	1.51	0.00	2.67	1.33	2.01:1	30.4	5.1	0.0
3.013	256.7	-----	16.48	18.03	14.6	5.2	14.5	11.6	-15.0	1.51	0.00	2.67	1.33	2.01:1	30.5	5.2	0.0
3.015	255.8	-----	16.54	17.88	14.6	5.1	14.6	11.6	-15.0	1.50	0.00	2.66	1.33	2.00:1	29.7	5.1	0.0
3.025	255.3	-----	16.45	17.85	14.6	5.1	14.5	11.6	-15.0	1.50	0.00	2.67	1.33	2.01:1	30.0	5.1	0.0
3.025	256.9	-----	16.42	18.11	14.6	5.1	14.6	11.6	-15.0	1.50	0.00	2.67	1.33	2.01:1	30.2	5.1	0.0
3.019	255.8	-----	16.37	18.05	14.6	5.2	14.6	11.6	-15.0	1.50	0.00	2.67	1.33	2.01:1	30.0	5.2	0.0
3.010	256.1	-----	16.48	18.11	14.6	5.1	14.5	11.6	-15.0	1.51	0.00	2.67	1.33	2.01:1	30.4	5.1	0.0
