Minute Volume (lpm)	Tidal Volume (ml)	Base Flow (lpm)	PIF (lpm)	PEF (lpm)	PIP (cmH2O)	PEEP (cmH2O)	IPP (cmH2O)	MAP (cmH2O)	Breath Rate	In. Hold (sec)	Ex. Hold (sec)	In. Time (sec)	Ex. Time (sec)	I:E Ratio	Compliance (ml/cmH2O)	Min Airway Press	Assist Press	Time
3.872	259.3	-----	20.36	22.00	19.6	6.4	19.6	11.0	-15.0	0.03	1.31	1.34	2.65	1:1.98	20.9	6.4	0.0	12:19:45
3.612	271.9	-----	19.57	21.37	19.6	9.1	19.6	11.0	-15.1	0.10	1.16	1.33	2.64	1:1.98	20.2	5.8	3.3
3.766	281.8	-----	20.34	21.43	19.6	5.3	19.5	10.7	-15.0	0.09	1.13	1.35	2.64	1:1.96	20.7	5.3	0.0
3.836	286.0	-----	20.67	21.79	19.7	5.3	19.5	10.6	-15.1	0.07	1.12	1.34	2.64	1:1.97	20.5	5.3	0.0
3.897	285.9	-----	20.73	21.88	19.6	5.1	19.6	10.5	-15.0	0.07	1.14	1.35	2.64	1:1.96	20.2	5.1	0.0
3.935	289.0	-----	20.83	22.03	19.6	5.0	19.6	10.5	-15.0	0.06	1.13	1.35	2.64	1:1.96	21.4	5.0	0.0
3.930	289.4	-----	20.92	22.10	19.6	4.9	19.6	10.4	-15.0	0.07	1.14	1.34	2.65	1:1.98	20.3	4.9	0.0
3.939	289.5	-----	20.97	22.23	19.6	4.9	19.6	10.4	-15.0	0.07	1.15	1.35	2.65	1:1.96	20.9	4.9	0.0
3.921	290.2	-----	20.97	22.30	19.6	4.9	19.6	10.4	-15.1	0.06	1.14	1.32	2.65	1:2.01	20.4	4.9	0.0
3.972	290.3	-----	21.02	22.23	19.6	4.9	19.5	10.4	-15.0	0.05	1.14	1.35	2.64	1:1.96	20.5	4.9	0.0
3.969	291.0	-----	21.08	22.30	19.6	4.9	19.6	10.4	-15.0	0.05	1.15	1.35	2.65	1:1.96	20.7	4.9	0.0
3.984	291.7	-----	21.08	22.20	19.6	4.9	19.6	10.4	-15.0	0.04	1.14	1.34	2.65	1:1.98	20.9	4.9	0.0
