Minute Volume (lpm)	Tidal Volume (ml)	Base Flow (lpm)	PIF (lpm)	PEF (lpm)	PIP (cmH2O)	PEEP (cmH2O)	IPP (cmH2O)	MAP (cmH2O)	Breath Rate	In. Hold (sec)	Ex. Hold (sec)	In. Time (sec)	Ex. Time (sec)	I:E Ratio	Compliance (ml/cmH2O)	Min Airway Press	Assist Press	Time
2.511	188.2	-----	16.48	18.00	14.7	7.3	14.7	8.6	-15.0	0.34	1.40	1.34	2.65	1:1.98	20.0	4.9	2.4	12:24:23
2.502	187.7	-----	16.45	18.00	14.7	7.3	14.7	8.6	-15.0	0.35	1.41	1.35	2.65	1:1.96	20.6	4.9	2.4
2.514	188.0	-----	16.48	18.11	14.8	7.4	14.8	8.6	-15.0	0.34	1.40	1.35	2.64	1:1.96	19.5	4.9	2.5
2.512	189.0	-----	16.42	18.18	14.8	7.4	14.7	8.6	-15.0	0.34	1.40	1.35	2.65	1:1.96	20.5	4.9	2.5
2.522	187.2	-----	16.54	18.09	14.8	7.4	14.8	8.7	-15.1	0.34	1.40	1.35	2.63	1:1.95	19.7	4.9	2.5
2.511	187.8	-----	16.57	18.12	14.8	7.3	14.8	8.6	-15.0	0.34	1.41	1.35	2.65	1:1.96	20.4	4.9	2.4
2.472	186.8	-----	16.45	18.00	14.7	7.3	14.7	8.6	-15.0	0.35	1.41	1.34	2.65	1:1.98	20.7	4.9	2.4
2.503	186.7	-----	16.48	18.03	14.7	7.3	14.6	8.6	-15.0	0.34	1.41	1.34	2.65	1:1.98	20.0	4.9	2.4
2.502	185.7	-----	16.45	18.00	14.7	7.4	14.7	8.6	-15.0	0.35	1.40	1.35	2.64	1:1.96	19.7	4.9	2.5
2.497	185.8	-----	16.40	17.92	14.7	7.3	14.7	8.6	-15.0	0.35	1.41	1.35	2.65	1:1.96	20.4	4.9	2.4
2.484	186.8	-----	16.42	18.00	14.7	7.3	14.7	8.6	-15.0	0.36	1.40	1.35	2.64	1:1.96	19.6	4.9	2.4
2.519	179.8	-----	16.57	17.85	14.7	7.3	14.7	8.6	-15.1	0.35	1.44	1.34	2.63	1:1.96	19.1	4.9	2.4
