Minute Volume (lpm)	Tidal Volume (ml)	Base Flow (lpm)	PIF (lpm)	PEF (lpm)	PIP (cmH2O)	PEEP (cmH2O)	IPP (cmH2O)	MAP (cmH2O)	Breath Rate	In. Hold (sec)	Ex. Hold (sec)	In. Time (sec)	Ex. Time (sec)	I:E Ratio	Compliance (ml/cmH2O)	Min Airway Press	Assist Press	Time
2.407	173.0	-----	16.14	17.37	14.8	7.2	14.8	8.6	-15.1	0.36	1.47	1.34	2.64	1:1.97	18.6	4.9	2.3	12:51:41
2.440	172.3	-----	16.11	17.40	14.7	7.1	14.7	8.6	-15.0	0.36	1.48	1.35	2.65	1:1.96	19.1	4.9	2.2
2.436	172.4	-----	16.09	17.33	14.7	7.2	14.7	8.6	-15.0	0.36	1.47	1.34	2.65	1:1.98	18.3	4.9	2.3
2.445	170.6	-----	16.14	17.42	14.7	7.2	14.7	8.6	-15.0	0.36	1.47	1.35	2.64	1:1.96	18.9	4.9	2.3
2.439	171.7	-----	16.02	17.25	14.8	7.2	14.8	8.6	-15.1	0.36	1.47	1.34	2.64	1:1.97	18.6	4.9	2.3
2.449	172.8	-----	16.08	17.49	14.8	7.2	14.8	8.6	-15.0	0.35	1.47	1.34	2.65	1:1.98	18.0	4.9	2.3
2.440	172.5	-----	16.14	17.31	14.8	7.2	14.8	8.6	-15.0	0.36	1.48	1.35	2.65	1:1.96	18.5	4.9	2.3
2.430	171.5	-----	16.02	17.33	14.7	7.2	14.7	8.6	-15.0	0.37	1.48	1.35	2.65	1:1.96	19.0	4.9	2.3
2.443	171.8	-----	16.08	17.37	14.8	7.2	14.7	8.6	-15.0	0.36	1.48	1.34	2.65	1:1.98	19.0	4.9	2.3
2.451	173.7	-----	16.14	17.33	14.8	7.2	14.8	8.6	-15.1	0.35	1.46	1.33	2.65	1:1.99	18.0	4.9	2.3
2.454	172.0	-----	16.08	17.37	14.7	7.2	14.7	8.6	-15.1	0.36	1.46	1.35	2.63	1:1.95	18.4	4.9	2.3
2.440	173.3	-----	16.08	17.37	14.7	7.2	14.7	8.6	-15.0	0.36	1.47	1.35	2.65	1:1.96	19.2	4.9	2.3
2.443	171.7	-----	16.01	17.37	14.8	7.1	14.7	8.6	-15.1	0.35	1.48	1.34	2.64	1:1.97	18.6	4.9	2.2
2.440	171.5	-----	16.01	17.42	14.7	7.2	14.7	8.6	-15.0	0.37	1.48	1.35	2.65	1:1.96	19.0	4.9	2.3
2.445	172.6	-----	16.06	17.22	14.7	7.2	14.7	8.6	-15.0	0.36	1.47	1.34	2.65	1:1.98	18.5	5.0	2.2
2.452	170.6	-----	16.17	17.33	14.7	7.2	14.7	8.6	-15.0	0.36	1.47	1.35	2.64	1:1.96	18.5	4.9	2.3
2.445	173.2	-----	16.11	17.40	14.8	7.1	14.8	8.6	-15.1	0.35	1.47	1.33	2.65	1:1.99	19.0	4.9	2.2
2.464	172.7	-----	16.12	17.45	14.8	7.1	14.8	8.6	-15.1	0.35	1.47	1.34	2.64	1:1.97	18.5	4.9	2.2
2.448	171.2	-----	16.14	17.31	14.7	7.1	14.7	8.6	-15.0	0.37	1.47	1.35	2.64	1:1.96	18.6	4.9	2.2
