Minute Volume (lpm)	Tidal Volume (ml)	Base Flow (lpm)	PIF (lpm)	PEF (lpm)	PIP (cmH2O)	PEEP (cmH2O)	IPP (cmH2O)	MAP (cmH2O)	Breath Rate	In. Hold (sec)	Ex. Hold (sec)	In. Time (sec)	Ex. Time (sec)	I:E Ratio	Compliance (ml/cmH2O)	Min Airway Press	Assist Press	Time
4.100	288.4	-----	20.89	21.61	19.5	4.9	19.4	10.3	-15.1	0.02	1.11	1.33	2.65	1:1.99	20.6	4.9	0.0	12:56:36
4.088	288.4	-----	20.78	21.63	19.5	4.9	19.4	10.3	-15.0	0.03	1.11	1.34	2.65	1:1.98	20.4	4.9	0.0
4.081	289.3	-----	20.94	21.75	19.5	4.9	19.4	10.3	-15.0	0.03	1.12	1.34	2.66	1:1.99	20.8	4.9	0.0
4.081	288.3	-----	20.92	21.61	19.5	4.9	19.4	10.3	-15.0	0.04	1.11	1.34	2.65	1:1.98	20.7	4.9	0.0
4.117	291.3	-----	20.89	21.80	19.5	4.9	19.4	10.3	-15.0	0.02	1.10	1.34	2.66	1:1.99	21.7	4.9	0.0
4.052	292.0	-----	20.70	21.58	19.5	4.9	19.5	10.3	-15.1	0.03	1.09	1.32	2.66	1:2.02	21.0	4.9	0.0
4.123	287.9	-----	20.78	21.61	19.5	4.9	19.4	10.3	-15.1	0.03	1.10	1.34	2.64	1:1.97	20.7	4.9	0.0
4.078	290.7	-----	20.89	21.71	19.5	4.9	19.4	10.3	-15.0	0.03	1.11	1.33	2.66	1:2.00	20.9	4.9	0.0
4.114	291.3	-----	20.83	21.61	19.5	4.9	19.4	10.3	-15.0	0.03	1.10	1.34	2.65	1:1.98	21.1	4.9	0.0
4.088	291.1	-----	20.86	21.61	19.5	4.9	19.3	10.3	-15.1	0.03	1.09	1.33	2.65	1:1.99	20.7	4.9	0.0
4.126	289.1	-----	20.81	21.63	19.5	4.9	19.4	10.3	-15.0	0.02	1.10	1.34	2.65	1:1.98	21.4	4.9	0.0
4.120	292.9	-----	20.86	21.63	19.5	4.9	19.3	10.3	-15.1	0.02	1.08	1.33	2.65	1:1.99	21.3	4.9	0.0
