Minute Volume (lpm)	Tidal Volume (ml)	Base Flow (lpm)	PIF (lpm)	PEF (lpm)	PIP (cmH2O)	PEEP (cmH2O)	IPP (cmH2O)	MAP (cmH2O)	Breath Rate	In. Hold (sec)	Ex. Hold (sec)	In. Time (sec)	Ex. Time (sec)	I:E Ratio	Compliance (ml/cmH2O)	Min Airway Press	Assist Press	Time
7.258	532.1	-----	28.42	25.89	26.5	4.9	24.8	13.4	-15.0	0.01	0.40	1.38	2.62	1:1.90	27.8	4.9	0.0	12:58:55
7.252	531.4	-----	28.49	25.42	26.5	4.8	24.7	13.4	-15.1	0.01	0.40	1.37	2.61	1:1.91	27.8	4.8	0.0
7.246	532.3	-----	28.34	25.19	26.5	4.8	24.8	13.4	-15.0	0.01	0.40	1.37	2.62	1:1.91	27.8	4.8	0.0
7.288	530.7	-----	28.54	25.54	26.5	4.9	24.7	13.4	-15.0	0.01	0.39	1.38	2.61	1:1.89	28.0	4.9	0.0
7.311	531.2	-----	28.31	25.25	26.6	4.9	24.7	13.4	-15.1	0.01	0.38	1.38	2.60	1:1.88	27.6	4.9	0.0
7.320	531.7	-----	28.55	25.61	26.5	4.9	24.8	13.4	-15.1	0.01	0.38	1.38	2.60	1:1.88	27.5	4.9	0.0
7.266	533.9	-----	28.31	25.31	26.5	4.9	24.8	13.4	-15.0	0.01	0.38	1.38	2.62	1:1.90	27.8	4.9	0.0
7.305	533.1	-----	28.51	25.49	26.5	4.9	24.7	13.4	-15.0	0.01	0.39	1.38	2.61	1:1.89	27.9	4.9	0.0
7.285	534.7	-----	28.54	25.42	26.5	4.9	24.8	13.4	-15.1	0.01	0.37	1.37	2.61	1:1.91	27.7	4.9	0.0
7.284	536.2	-----	28.88	25.61	26.5	4.9	24.8	13.4	-15.0	0.01	0.37	1.38	2.62	1:1.90	28.3	4.9	0.0
