Minute Volume (lpm)	Tidal Volume (ml)	Base Flow (lpm)	PIF (lpm)	PEF (lpm)	PIP (cmH2O)	PEEP (cmH2O)	IPP (cmH2O)	MAP (cmH2O)	Breath Rate	In. Hold (sec)	Ex. Hold (sec)	In. Time (sec)	Ex. Time (sec)	I:E Ratio	Compliance (ml/cmH2O)	Min Airway Press	Assist Press	Time
7.450	555.5	-----	29.07	25.57	27.0	4.9	25.4	13.6	-15.0	0.01	0.26	1.38	2.62	1:1.90	28.6	4.9	0.0	13:01:43
7.466	556.3	-----	29.17	25.46	26.9	4.9	25.2	13.6	-15.0	0.01	0.25	1.38	2.61	1:1.89	29.2	4.9	0.0
7.451	555.3	-----	29.04	25.31	27.0	4.8	25.3	13.6	-15.1	0.01	0.25	1.37	2.61	1:1.91	28.3	4.8	0.0
7.493	553.6	-----	29.41	25.49	26.9	5.0	25.1	13.6	-15.1	0.00	0.25	1.37	2.61	1:1.91	28.6	5.0	0.0
7.473	555.0	-----	29.16	25.51	27.0	4.9	25.3	13.6	-15.0	0.01	0.24	1.38	2.61	1:1.89	28.4	4.9	0.0
7.440	557.7	-----	29.44	25.54	27.0	4.8	25.0	13.6	-15.0	0.00	0.24	1.36	2.63	1:1.93	29.0	4.8	0.0
7.501	555.8	-----	29.20	25.39	26.9	4.8	25.3	13.6	-15.1	0.01	0.23	1.38	2.60	1:1.88	28.5	4.8	0.0
7.474	557.5	-----	29.23	25.39	26.9	4.9	25.1	13.6	-15.1	0.01	0.22	1.38	2.60	1:1.88	28.7	4.9	0.0
7.488	557.9	-----	29.13	25.37	26.9	4.9	24.9	13.6	-15.0	0.00	0.22	1.37	2.62	1:1.91	28.7	4.9	0.0
7.494	557.6	-----	29.20	25.39	26.9	4.8	24.9	13.6	-15.0	0.00	0.22	1.37	2.62	1:1.91	29.1	4.8	0.0
7.493	557.5	-----	29.20	25.49	27.0	4.9	24.8	13.6	-15.0	0.00	0.23	1.37	2.62	1:1.91	29.0	4.9	0.0
