Minute Volume (lpm)	Tidal Volume (ml)	Base Flow (lpm)	PIF (lpm)	PEF (lpm)	PIP (cmH2O)	PEEP (cmH2O)	IPP (cmH2O)	MAP (cmH2O)	Breath Rate	In. Hold (sec)	Ex. Hold (sec)	In. Time (sec)	Ex. Time (sec)	I:E Ratio	Compliance (ml/cmH2O)	Min Airway Press	Assist Press	Time
4.428	321.4	-----	21.70	21.55	19.5	4.9	19.1	10.5	-15.0	0.02	0.86	1.36	2.63	1:1.93	24.3	4.9	0.0	13:03:57
4.398	320.3	-----	21.65	21.55	19.5	4.9	19.2	10.4	-15.1	0.02	0.87	1.35	2.63	1:1.95	23.9	4.9	0.0
4.428	319.9	-----	21.67	21.58	19.5	4.9	19.2	10.4	-15.0	0.02	0.88	1.36	2.63	1:1.93	23.1	4.9	0.0
4.395	319.3	-----	21.59	21.53	19.5	4.9	19.2	10.4	-15.0	0.02	0.88	1.36	2.63	1:1.93	23.8	4.9	0.0
4.345	320.0	-----	21.62	21.51	19.5	4.9	19.1	10.4	-15.1	0.02	0.88	1.34	2.63	1:1.96	23.3	4.9	0.0
4.426	319.5	-----	21.73	21.53	19.5	4.9	19.1	10.4	-15.0	0.01	0.89	1.36	2.64	1:1.94	23.8	4.9	0.0
4.427	317.8	-----	21.73	21.46	19.5	4.9	19.1	10.4	-15.0	0.02	0.89	1.36	2.63	1:1.93	23.7	4.9	0.0
4.430	319.2	-----	21.76	21.55	19.5	4.9	19.1	10.4	-15.0	0.02	0.88	1.36	2.63	1:1.93	23.2	4.9	0.0
4.419	317.0	-----	21.62	21.48	19.5	4.9	19.1	10.4	-15.0	0.02	0.89	1.36	2.63	1:1.93	23.8	4.9	0.0
4.430	319.3	-----	21.73	21.53	19.5	4.9	19.2	10.4	-15.0	0.02	0.88	1.36	2.63	1:1.93	23.1	4.9	0.0
4.435	319.3	-----	21.67	21.53	19.5	4.9	19.3	10.4	-15.1	0.02	0.87	1.36	2.62	1:1.93	23.1	4.9	0.0
4.431	319.2	-----	21.78	21.61	19.5	4.9	19.1	10.4	-15.0	0.01	0.88	1.36	2.63	1:1.93	23.1	4.9	0.0
