Minute Volume (lpm)	Tidal Volume (ml)	Base Flow (lpm)	PIF (lpm)	PEF (lpm)	PIP (cmH2O)	PEEP (cmH2O)	IPP (cmH2O)	MAP (cmH2O)	Breath Rate	In. Hold (sec)	Ex. Hold (sec)	In. Time (sec)	Ex. Time (sec)	I:E Ratio	Compliance (ml/cmH2O)	Min Airway Press	Assist Press	Time
2.709	192.5	-----	16.88	17.33	14.8	4.9	14.8	8.7	-15.1	0.30	1.29	1.34	2.64	1:1.97	20.2	4.9	0.0	13:05:51
2.733	194.0	-----	17.05	17.40	14.8	7.4	14.8	8.7	-15.0	0.30	1.29	1.35	2.64	1:1.96	20.6	4.9	2.5
2.742	193.3	-----	16.90	17.49	14.8	7.4	14.8	8.7	-15.0	0.29	1.30	1.35	2.64	1:1.96	20.7	4.9	2.5
2.722	192.4	-----	16.88	17.33	14.8	7.4	14.8	8.7	-15.0	0.30	1.31	1.35	2.65	1:1.96	20.9	4.9	2.5
2.717	192.9	-----	16.96	17.45	14.7	7.4	14.7	8.7	-15.0	0.32	1.29	1.35	2.64	1:1.96	20.7	4.9	2.5
2.715	193.8	-----	17.05	17.40	14.7	7.5	14.7	8.7	-15.0	0.32	1.29	1.36	2.64	1:1.94	21.2	4.9	2.6
2.723	194.6	-----	16.88	17.54	14.7	7.4	14.7	8.7	-15.0	0.30	1.30	1.34	2.65	1:1.98	21.3	4.9	2.5
2.742	195.4	-----	16.93	17.52	14.8	7.5	14.8	8.7	-15.0	0.29	1.29	1.35	2.64	1:1.96	20.3	4.9	2.6
2.734	195.4	-----	16.96	17.37	14.8	7.5	14.8	8.7	-15.0	0.29	1.29	1.35	2.65	1:1.96	21.2	4.9	2.6
2.730	194.7	-----	17.16	17.42	14.8	7.5	14.8	8.7	-15.0	0.30	1.29	1.35	2.64	1:1.96	20.2	4.9	2.6
2.733	195.5	-----	16.93	17.45	14.8	7.5	14.8	8.7	-15.0	0.30	1.28	1.36	2.64	1:1.94	20.7	4.9	2.6
2.742	193.9	-----	16.93	17.37	14.8	7.5	14.8	8.7	-15.0	0.29	1.29	1.35	2.64	1:1.96	20.8	4.9	2.6
2.722	194.7	-----	16.99	17.37	14.8	7.5	14.7	8.7	-15.0	0.30	1.29	1.35	2.65	1:1.96	21.3	4.9	2.6
2.709	193.9	-----	16.99	17.45	14.7	7.4	14.7	8.7	-15.0	0.31	1.30	1.34	2.65	1:1.98	21.3	4.9	2.5
