Minute Volume (lpm)	Tidal Volume (ml)	Base Flow (lpm)	PIF (lpm)	PEF (lpm)	PIP (cmH2O)	PEEP (cmH2O)	IPP (cmH2O)	MAP (cmH2O)	Breath Rate	In. Hold (sec)	Ex. Hold (sec)	In. Time (sec)	Ex. Time (sec)	I:E Ratio	Compliance (ml/cmH2O)	Min Airway Press	Assist Press	Time
2.494	166.5	-----	17.24	14.15	14.8	8.0	14.8	9.1	-15.1	0.43	1.15	1.35	2.63	1:1.95	17.9	4.9	3.1	13:14:47
2.497	167.9	-----	17.29	14.15	14.8	8.0	14.8	9.1	-15.0	0.42	1.15	1.35	2.64	1:1.96	18.4	4.8	3.2
2.497	168.6	-----	17.44	14.11	14.8	8.1	14.8	9.1	-15.0	0.42	1.14	1.35	2.64	1:1.96	17.7	4.9	3.2
2.502	168.9	-----	17.41	14.22	14.9	8.1	14.9	9.1	-15.0	0.42	1.13	1.36	2.64	1:1.94	18.1	4.9	3.2
2.476	167.4	-----	17.20	14.22	14.8	8.1	14.8	9.1	-15.0	0.42	1.16	1.35	2.64	1:1.96	18.3	4.9	3.2
2.494	167.3	-----	17.21	14.08	14.8	8.1	14.8	9.1	-15.0	0.43	1.14	1.35	2.64	1:1.96	17.6	4.9	3.2
2.488	166.7	-----	17.24	14.00	14.8	8.1	14.8	9.1	-15.0	0.43	1.15	1.36	2.64	1:1.94	17.9	4.9	3.2
2.497	166.6	-----	17.30	14.11	14.8	8.1	14.8	9.1	-15.0	0.43	1.14	1.36	2.63	1:1.93	18.1	4.9	3.2
2.467	166.4	-----	17.21	14.04	14.9	8.1	14.9	9.1	-15.0	0.43	1.15	1.35	2.64	1:1.96	18.0	4.8	3.3
2.499	166.6	-----	17.27	14.22	14.9	8.0	14.9	9.1	-15.0	0.42	1.15	1.35	2.64	1:1.96	18.3	4.9	3.1
2.497	168.4	-----	17.33	14.00	14.8	8.1	14.8	9.1	-15.0	0.42	1.13	1.35	2.64	1:1.96	17.7	4.9	3.2
2.505	168.1	-----	17.27	14.11	14.8	8.1	14.8	9.1	-15.0	0.42	1.13	1.36	2.63	1:1.93	18.4	4.9	3.2
