Minute Volume (lpm)	Tidal Volume (ml)	Base Flow (lpm)	PIF (lpm)	PEF (lpm)	PIP (cmH2O)	PEEP (cmH2O)	IPP (cmH2O)	MAP (cmH2O)	Breath Rate	In. Hold (sec)	Ex. Hold (sec)	In. Time (sec)	Ex. Time (sec)	I:E Ratio	Compliance (ml/cmH2O)	Min Airway Press	Assist Press	Time
3.779	273.9	-----	21.95	18.96	19.9	9.3	19.9	10.9	-15.1	0.16	0.77	1.34	2.64	1:1.97	19.0	4.9	4.4	13:18:50
3.763	274.1	-----	21.92	19.01	19.9	9.3	19.8	10.9	-15.0	0.17	0.77	1.35	2.65	1:1.96	19.1	4.9	4.4
3.734	273.7	-----	21.86	18.96	19.8	9.3	19.8	10.9	-15.1	0.18	0.76	1.34	2.64	1:1.97	19.0	4.9	4.4
3.763	273.8	-----	22.03	19.01	19.8	9.3	19.8	10.9	-15.0	0.18	0.76	1.35	2.64	1:1.96	19.0	4.8	4.5
3.756	274.4	-----	22.08	18.82	19.8	9.2	19.8	10.9	-15.0	0.17	0.76	1.34	2.65	1:1.98	19.3	4.9	4.3
3.756	274.6	-----	22.11	18.96	19.8	9.3	19.8	10.9	-15.0	0.18	0.77	1.35	2.65	1:1.96	20.1	4.9	4.4
3.766	274.2	-----	21.86	18.96	19.8	9.3	19.8	10.9	-15.0	0.18	0.76	1.35	2.64	1:1.96	19.0	4.9	4.4
3.742	274.5	-----	22.03	19.04	19.9	9.3	19.9	10.9	-15.0	0.17	0.76	1.35	2.64	1:1.96	18.9	4.9	4.4
3.747	275.2	-----	22.03	18.96	19.9	9.3	19.9	10.9	-15.0	0.16	0.76	1.34	2.65	1:1.98	19.1	4.9	4.4
3.776	274.2	-----	21.95	19.04	19.8	9.3	19.8	11.0	-15.1	0.18	0.75	1.35	2.63	1:1.95	20.0	4.9	4.4
