Minute Volume (lpm)	Tidal Volume (ml)	Base Flow (lpm)	PIF (lpm)	PEF (lpm)	PIP (cmH2O)	PEEP (cmH2O)	IPP (cmH2O)	MAP (cmH2O)	Breath Rate	In. Hold (sec)	Ex. Hold (sec)	In. Time (sec)	Ex. Time (sec)	I:E Ratio	Compliance (ml/cmH2O)	Min Airway Press	Assist Press	Time
6.703	514.8	-----	28.97	23.91	28.1	5.5	27.1	14.9	-15.0	0.02	0.03	1.38	2.62	1:1.90	25.2	5.5	0.0	13:21:52
6.733	515.9	-----	28.83	23.82	28.0	5.5	27.1	14.9	-15.0	0.01	0.01	1.37	2.62	1:1.91	25.0	5.5	0.0
6.717	515.6	-----	28.85	23.71	28.0	5.6	26.9	14.9	-15.0	0.01	0.02	1.38	2.62	1:1.90	25.2	5.6	0.0
6.723	516.9	-----	28.69	23.75	28.0	5.5	27.1	14.9	-15.0	0.01	0.02	1.37	2.63	1:1.92	26.2	5.5	0.0
6.758	514.5	-----	28.95	23.86	28.1	5.6	26.9	14.9	-15.1	0.01	0.02	1.37	2.61	1:1.91	25.8	5.6	0.0
6.750	517.8	-----	28.83	23.86	28.1	5.5	27.0	14.9	-15.0	0.01	0.01	1.37	2.62	1:1.91	25.1	5.5	0.0
6.732	517.8	-----	28.86	23.98	28.1	5.5	27.1	14.9	-15.0	0.02	0.02	1.38	2.62	1:1.90	25.3	5.5	0.0
6.744	518.5	-----	28.91	23.86	28.0	5.5	27.1	14.9	-15.0	0.01	0.02	1.37	2.63	1:1.92	26.4	5.5	0.0
6.747	519.1	-----	28.88	23.77	28.1	5.6	27.1	14.9	-15.0	0.02	0.01	1.37	2.62	1:1.91	25.0	5.6	0.0
6.765	518.8	-----	28.82	23.86	28.0	5.5	27.1	14.9	-15.0	0.01	0.01	1.37	2.62	1:1.91	25.3	5.5	0.0
6.721	519.8	-----	28.71	23.96	28.1	5.5	27.1	14.9	-15.0	0.02	0.01	1.37	2.62	1:1.91	25.4	5.5	0.0
6.774	518.9	-----	28.86	23.86	28.1	5.6	27.1	14.9	-15.0	0.01	0.02	1.37	2.62	1:1.91	25.8	5.6	0.0
