Minute Volume (lpm)	Tidal Volume (ml)	Base Flow (lpm)	PIF (lpm)	PEF (lpm)	PIP (cmH2O)	PEEP (cmH2O)	IPP (cmH2O)	MAP (cmH2O)	Breath Rate	In. Hold (sec)	Ex. Hold (sec)	In. Time (sec)	Ex. Time (sec)	I:E Ratio	Compliance (ml/cmH2O)	Min Airway Press	Assist Press	Time
8.572	647.0	-----	36.11	27.27	30.0	5.8	29.7	15.8	-15.0	0.02	0.00	1.36	2.63	1:1.93	28.3	5.8	0.0	13:26:25
8.577	641.2	-----	36.23	27.32	30.0	5.8	29.7	15.7	-15.1	0.02	0.00	1.36	2.62	1:1.93	28.3	5.8	0.0
8.560	647.0	-----	36.12	27.38	30.0	5.9	29.5	15.8	-15.0	0.01	0.01	1.36	2.64	1:1.94	30.2	5.9	0.0
8.600	646.2	-----	36.27	27.27	30.0	5.8	29.7	15.8	-15.1	0.02	0.00	1.36	2.62	1:1.93	28.3	5.8	0.0
8.559	647.4	-----	36.12	27.18	30.0	5.8	29.6	15.7	-15.0	0.02	0.00	1.37	2.63	1:1.92	28.7	5.8	0.0
8.520	647.9	-----	36.38	27.47	30.0	5.8	29.7	15.8	-15.0	0.01	0.00	1.35	2.64	1:1.96	28.7	5.8	0.0
8.584	646.9	-----	36.40	27.24	30.1	5.8	29.5	15.8	-15.0	0.01	0.00	1.36	2.63	1:1.93	28.6	5.8	0.0
8.517	646.6	-----	36.28	27.30	30.0	5.8	29.7	15.7	-15.0	0.02	0.00	1.36	2.63	1:1.93	28.3	5.8	0.0
8.534	641.3	-----	36.28	27.49	30.0	5.8	29.7	15.8	-15.1	0.02	0.00	1.36	2.62	1:1.93	28.2	5.8	0.0
8.546	644.5	-----	35.84	27.09	30.0	5.8	29.7	15.8	-15.1	0.01	0.01	1.35	2.63	1:1.95	29.8	5.8	0.0
