Minute Volume (lpm)	Tidal Volume (ml)	Base Flow (lpm)	PIF (lpm)	PEF (lpm)	PIP (cmH2O)	PEEP (cmH2O)	IPP (cmH2O)	MAP (cmH2O)	Breath Rate	In. Hold (sec)	Ex. Hold (sec)	In. Time (sec)	Ex. Time (sec)	I:E Ratio	Compliance (ml/cmH2O)	Min Airway Press	Assist Press	Time
4.708	349.1	-----	27.36	21.96	19.8	4.8	19.8	11.3	-15.1	0.10	0.58	1.34	2.64	1:1.97	24.4	4.8	0.0	13:28:15
4.681	349.2	-----	27.50	22.23	19.8	4.8	19.8	11.3	-15.0	0.10	0.58	1.35	2.65	1:1.96	24.5	4.8	0.0
4.698	349.3	-----	27.27	22.03	19.9	4.7	19.8	11.3	-15.0	0.09	0.59	1.35	2.65	1:1.96	25.6	4.7	0.0
4.711	349.0	-----	27.19	22.15	19.9	4.8	19.9	11.3	-15.1	0.09	0.57	1.35	2.63	1:1.95	24.2	4.8	0.0
4.709	348.7	-----	27.53	21.96	19.8	4.8	19.8	11.3	-15.1	0.08	0.58	1.34	2.64	1:1.97	24.5	4.8	0.0
4.687	347.3	-----	27.53	22.00	19.8	4.8	19.8	11.3	-15.0	0.10	0.59	1.35	2.64	1:1.96	25.5	4.8	0.0
4.703	347.0	-----	27.44	22.08	19.9	4.7	19.9	11.3	-15.1	0.09	0.59	1.35	2.63	1:1.95	24.0	4.7	0.0
4.678	347.9	-----	27.24	22.02	19.9	4.8	19.9	11.3	-15.0	0.09	0.60	1.35	2.65	1:1.96	24.8	4.8	0.0
4.688	345.0	-----	27.33	21.96	19.8	4.8	19.8	11.3	-15.1	0.10	0.60	1.35	2.63	1:1.95	24.2	4.8	0.0
4.678	347.5	-----	27.53	21.97	19.9	4.8	19.9	11.3	-15.0	0.09	0.60	1.35	2.65	1:1.96	25.3	4.8	0.0
4.673	346.1	-----	27.50	22.15	19.9	4.8	19.9	11.3	-15.0	0.10	0.60	1.35	2.64	1:1.96	24.0	4.8	0.0
4.654	345.4	-----	27.37	22.08	19.9	4.8	19.8	11.2	-15.0	0.11	0.61	1.35	2.65	1:1.96	25.0	4.8	0.0
4.673	345.6	-----	27.44	21.96	19.9	4.7	19.8	11.3	-15.0	0.10	0.60	1.35	2.64	1:1.96	24.1	4.7	0.0
4.669	344.5	-----	27.53	21.96	19.8	4.7	19.8	11.3	-15.0	0.10	0.61	1.35	2.64	1:1.96	24.0	4.7	0.0
