Minute Volume (lpm)	Tidal Volume (ml)	Base Flow (lpm)	PIF (lpm)	PEF (lpm)	PIP (cmH2O)	PEEP (cmH2O)	IPP (cmH2O)	MAP (cmH2O)	Breath Rate	In. Hold (sec)	Ex. Hold (sec)	In. Time (sec)	Ex. Time (sec)	I:E Ratio	Compliance (ml/cmH2O)	Min Airway Press	Assist Press	Time
2.737	193.9	-----	21.38	16.23	15.1	8.3	15.1	9.3	-15.1	0.45	1.08	1.34	2.63	1:1.96	19.9	4.9	3.4	13:30:03
2.777	192.4	-----	21.30	16.14	15.1	8.3	15.1	9.3	-15.0	0.45	1.08	1.36	2.63	1:1.93	19.8	4.9	3.4
2.757	191.2	-----	21.24	16.11	15.0	8.3	15.0	9.3	-15.0	0.47	1.10	1.36	2.64	1:1.94	21.2	4.9	3.4
2.756	190.1	-----	21.30	16.17	15.0	8.3	14.9	9.3	-15.0	0.47	1.10	1.35	2.64	1:1.96	21.3	4.9	3.4
2.767	191.3	-----	21.19	16.08	15.0	8.3	15.0	9.3	-15.1	0.46	1.09	1.35	2.63	1:1.95	19.9	4.9	3.4
2.758	191.7	-----	21.21	16.02	15.0	8.4	15.0	9.3	-15.1	0.46	1.09	1.35	2.63	1:1.95	19.9	4.9	3.5
2.723	193.7	-----	21.38	16.08	15.1	8.3	15.1	9.3	-15.1	0.45	1.07	1.34	2.63	1:1.96	19.9	4.9	3.4
2.738	193.4	-----	21.30	16.32	15.1	8.2	15.0	9.3	-15.0	0.45	1.09	1.35	2.64	1:1.96	20.1	4.9	3.3
2.763	192.9	-----	21.24	16.17	15.1	8.3	15.1	9.3	-15.0	0.46	1.08	1.36	2.63	1:1.93	19.8	4.9	3.4
2.757	194.9	-----	21.19	16.14	15.0	8.3	15.0	9.3	-15.0	0.46	1.07	1.36	2.64	1:1.94	21.4	4.9	3.4
2.768	192.6	-----	21.27	16.23	15.1	8.3	15.1	9.3	-15.0	0.45	1.10	1.35	2.64	1:1.96	19.8	4.9	3.4
2.772	190.9	-----	21.30	16.05	15.1	8.3	15.0	9.3	-15.1	0.45	1.09	1.35	2.63	1:1.95	20.3	4.9	3.4
