Minute Volume (lpm)	Tidal Volume (ml)	Base Flow (lpm)	PIF (lpm)	PEF (lpm)	PIP (cmH2O)	PEEP (cmH2O)	IPP (cmH2O)	MAP (cmH2O)	Breath Rate	In. Hold (sec)	Ex. Hold (sec)	In. Time (sec)	Ex. Time (sec)	I:E Ratio	Compliance (ml/cmH2O)	Min Airway Press	Assist Press	Time
2.187	153.2	-----	12.38	17.84	12.9	6.3	12.9	7.5	-15.0	0.20	1.57	1.35	2.64	1:1.96	19.6	4.7	1.6	13:39:03
2.206	153.0	-----	12.38	17.76	12.9	6.3	12.9	7.5	-15.0	0.18	1.56	1.35	2.64	1:1.96	19.8	4.7	1.6
2.184	153.1	-----	12.30	17.78	12.9	6.3	12.9	7.5	-15.0	0.19	1.58	1.35	2.65	1:1.96	19.8	4.7	1.6
2.178	152.7	-----	12.38	17.64	12.9	6.3	12.9	7.5	-15.0	0.20	1.58	1.35	2.65	1:1.96	20.3	4.7	1.6
2.169	153.3	-----	12.30	17.93	12.9	6.3	12.9	7.5	-15.2	0.18	1.56	1.33	2.63	1:1.98	20.1	4.7	1.6
2.195	152.7	-----	12.41	17.67	12.9	6.3	12.9	7.5	-15.0	0.19	1.57	1.35	2.64	1:1.96	20.0	4.7	1.6
2.200	152.4	-----	12.38	17.78	12.9	6.3	12.9	7.5	-15.0	0.18	1.58	1.35	2.64	1:1.96	19.5	4.7	1.6
2.187	152.9	-----	12.38	17.90	12.9	6.3	12.9	7.5	-15.0	0.19	1.58	1.35	2.65	1:1.96	19.8	4.7	1.6
2.199	152.6	-----	12.47	17.73	12.9	6.3	12.9	7.5	-15.0	0.19	1.59	1.35	2.65	1:1.96	20.3	4.7	1.6
2.198	153.6	-----	12.35	17.78	12.9	6.3	12.9	7.5	-15.0	0.19	1.57	1.35	2.64	1:1.96	19.9	4.7	1.6
2.213	153.6	-----	12.38	17.78	12.9	6.3	12.9	7.5	-15.1	0.18	1.56	1.35	2.63	1:1.95	19.6	4.7	1.6
2.178	152.5	-----	12.41	17.67	12.9	6.3	12.9	7.5	-15.0	0.20	1.58	1.35	2.65	1:1.96	19.8	4.7	1.6
2.186	152.6	-----	12.38	17.78	12.9	6.3	12.9	7.5	-15.0	0.20	1.57	1.35	2.64	1:1.96	20.0	4.7	1.6
