Minute Volume (lpm)	Tidal Volume (ml)	Base Flow (lpm)	PIF (lpm)	PEF (lpm)	PIP (cmH2O)	PEEP (cmH2O)	IPP (cmH2O)	MAP (cmH2O)	Breath Rate	In. Hold (sec)	Ex. Hold (sec)	In. Time (sec)	Ex. Time (sec)	I:E Ratio	Compliance (ml/cmH2O)	Min Airway Press	Assist Press	Time
3.637	253.2	-----	18.92	23.28	17.4	7.2	17.3	8.9	-15.0	0.02	1.29	1.35	2.64	1:1.96	20.7	4.7	2.5	13:41:03
3.600	253.8	-----	18.84	23.18	17.4	7.2	17.3	8.9	-15.0	0.02	1.29	1.34	2.65	1:1.98	20.8	4.7	2.5
3.610	253.7	-----	18.92	23.25	17.4	7.2	17.3	8.9	-15.1	0.02	1.28	1.34	2.64	1:1.97	20.6	4.7	2.5
3.627	254.5	-----	18.84	23.23	17.4	7.2	17.3	8.9	-15.0	0.02	1.28	1.35	2.65	1:1.96	21.0	4.7	2.5
3.616	253.8	-----	18.86	23.28	17.4	7.2	17.3	8.9	-15.0	0.02	1.29	1.34	2.65	1:1.98	21.1	4.7	2.5
3.630	253.2	-----	18.86	23.23	17.4	7.2	17.3	8.9	-15.0	0.02	1.29	1.35	2.64	1:1.96	21.1	4.7	2.5
3.640	253.2	-----	18.92	23.30	17.4	7.1	17.3	8.9	-15.0	0.01	1.29	1.34	2.65	1:1.98	21.2	4.7	2.4
3.642	252.7	-----	18.80	23.37	17.4	7.1	17.3	8.9	-15.1	0.02	1.29	1.34	2.64	1:1.97	20.8	4.7	2.4
3.628	253.3	-----	18.94	23.31	17.4	7.1	17.3	8.9	-15.0	0.02	1.30	1.35	2.65	1:1.96	21.2	4.7	2.4
3.627	253.9	-----	18.86	23.39	17.4	7.2	17.3	8.9	-15.0	0.02	1.29	1.34	2.65	1:1.98	20.8	4.7	2.5
3.628	253.8	-----	18.97	23.34	17.4	7.2	17.3	8.9	-15.0	0.02	1.29	1.35	2.65	1:1.96	21.1	4.7	2.5
3.639	253.5	-----	19.02	23.39	17.4	7.3	17.3	8.9	-15.0	0.02	1.29	1.35	2.64	1:1.96	21.3	4.7	2.6
3.637	253.2	-----	19.02	23.23	17.4	7.2	17.3	8.9	-15.0	0.02	1.29	1.35	2.64	1:1.96	20.5	4.7	2.5
3.646	254.0	-----	18.94	23.18	17.4	7.2	17.2	8.9	-15.0	0.01	1.28	1.35	2.64	1:1.96	20.8	4.7	2.5
