Minute Volume (lpm)	Tidal Volume (ml)	Base Flow (lpm)	PIF (lpm)	PEF (lpm)	PIP (cmH2O)	PEEP (cmH2O)	IPP (cmH2O)	MAP (cmH2O)	Breath Rate	In. Hold (sec)	Ex. Hold (sec)	In. Time (sec)	Ex. Time (sec)	I:E Ratio	Compliance (ml/cmH2O)	Min Airway Press	Assist Press	Time
6.700	478.2	-----	29.22	31.16	25.2	4.6	23.3	11.9	-15.0	0.00	0.76	1.36	2.63	1:1.93	26.2	4.6	0.0	13:42:42
6.685	478.1	-----	29.09	31.17	25.2	4.6	23.7	11.9	-15.0	0.01	0.76	1.38	2.62	1:1.90	26.1	4.6	0.0
6.708	479.0	-----	29.13	31.05	25.2	4.6	23.5	11.9	-15.0	0.00	0.75	1.36	2.63	1:1.93	25.8	4.6	0.0
6.698	469.5	-----	29.26	30.99	25.2	4.7	23.4	11.9	-15.1	0.00	0.76	1.36	2.61	1:1.92	25.6	4.7	0.0
6.702	479.7	-----	29.13	31.35	25.1	4.6	23.2	11.9	-15.0	0.00	0.75	1.36	2.63	1:1.93	27.2	4.6	0.0
6.732	476.0	-----	29.13	31.19	25.1	4.6	23.0	11.9	-15.1	0.00	0.75	1.36	2.62	1:1.93	26.4	4.6	0.0
6.703	480.2	-----	29.14	31.05	25.0	4.6	23.0	11.8	-15.0	0.00	0.75	1.37	2.63	1:1.92	26.9	4.6	0.0
6.716	478.9	-----	28.98	31.19	25.1	4.6	23.6	11.8	-15.1	0.01	0.75	1.37	2.61	1:1.91	25.7	4.6	0.0
6.660	478.9	-----	29.17	31.16	25.0	4.5	23.6	11.8	-15.1	0.01	0.75	1.37	2.61	1:1.91	26.1	4.5	0.0
6.719	478.7	-----	29.26	31.19	25.0	4.6	23.6	11.9	-15.1	0.01	0.75	1.37	2.61	1:1.91	25.8	4.6	0.0
