Minute Volume (lpm)	Tidal Volume (ml)	Base Flow (lpm)	PIF (lpm)	PEF (lpm)	PIP (cmH2O)	PEEP (cmH2O)	IPP (cmH2O)	MAP (cmH2O)	Breath Rate	In. Hold (sec)	Ex. Hold (sec)	In. Time (sec)	Ex. Time (sec)	I:E Ratio	Compliance (ml/cmH2O)	Min Airway Press	Assist Press	Time
6.511	543.2	-----	25.87	24.09	24.4	6.1	23.2	13.8	-15.0	0.01	0.01	1.37	2.62	1:1.91	33.7	6.1	0.0	14:03:18
6.492	545.9	-----	25.84	24.14	24.4	6.1	23.2	13.8	-15.1	0.01	0.00	1.36	2.62	1:1.93	32.6	6.1	0.0
6.521	545.1	-----	25.96	24.12	24.4	6.1	23.3	13.8	-15.0	0.01	0.00	1.37	2.62	1:1.91	32.2	6.1	0.0
6.553	540.4	-----	25.76	24.21	24.4	6.1	23.2	13.9	-15.1	0.01	0.01	1.37	2.60	1:1.90	33.5	6.1	0.0
6.514	546.2	-----	25.87	24.12	24.4	6.1	23.3	13.9	-15.0	0.02	0.01	1.37	2.62	1:1.91	33.7	6.1	0.0
6.521	546.1	-----	25.96	24.12	24.4	6.1	23.3	13.8	-15.0	0.02	0.01	1.37	2.62	1:1.91	33.7	6.1	0.0
6.515	547.2	-----	25.91	24.27	24.4	6.1	23.3	13.9	-15.0	0.01	0.00	1.36	2.63	1:1.93	33.1	6.1	0.0
6.510	546.5	-----	25.81	24.27	24.4	6.1	23.2	13.8	-15.0	0.01	0.01	1.37	2.63	1:1.92	33.9	6.1	0.0
6.520	545.4	-----	25.84	24.09	24.4	6.1	23.2	13.8	-15.1	0.01	0.01	1.36	2.62	1:1.93	33.4	6.1	0.0
6.527	545.7	-----	26.02	24.09	24.4	6.0	23.3	13.8	-15.0	0.01	0.01	1.37	2.62	1:1.91	33.4	6.0	0.0
6.524	546.7	-----	25.96	24.14	24.5	6.1	23.2	13.9	-15.0	0.01	0.00	1.37	2.62	1:1.91	32.5	6.1	0.0
6.487	547.1	-----	25.96	24.09	24.4	6.1	23.2	13.8	-15.0	0.01	0.00	1.37	2.62	1:1.91	32.5	6.1	0.0
6.504	546.7	-----	25.73	24.05	24.4	6.1	23.3	13.8	-15.0	0.01	0.01	1.37	2.63	1:1.92	33.5	6.1	0.0
6.531	548.1	-----	25.81	24.09	24.5	6.1	23.3	13.8	-15.0	0.01	0.01	1.37	2.63	1:1.92	33.8	6.1	0.0
6.523	547.5	-----	25.93	24.05	24.4	6.1	23.3	13.9	-15.0	0.01	0.00	1.36	2.63	1:1.93	33.1	6.1	0.0
6.510	547.2	-----	25.90	24.00	24.5	6.1	23.2	13.8	-15.0	0.01	0.01	1.37	2.63	1:1.92	33.9	6.1	0.0
6.520	547.8	-----	25.73	24.02	24.5	6.1	23.4	13.9	-15.0	0.01	0.01	1.36	2.63	1:1.93	33.6	6.1	0.0
6.542	545.2	-----	25.78	23.98	24.5	6.1	23.4	13.8	-15.1	0.01	0.00	1.36	2.62	1:1.93	32.0	6.1	0.0
6.732	517.0	-----	26.62	23.66	24.5	6.1	23.4	13.8	-15.0	0.01	0.02	1.37	2.63	1:1.92	31.3	6.1	0.0
6.759	517.0	-----	26.51	23.56	24.5	6.0	23.3	13.9	-15.0	0.01	0.03	1.37	2.62	1:1.91	30.4	6.0	0.0
6.726	516.2	-----	26.50	23.55	24.4	6.1	23.1	13.8	-15.0	0.01	0.02	1.38	2.62	1:1.90	31.4	6.1	0.0
6.751	516.1	-----	26.62	23.43	24.4	6.1	23.2	13.8	-15.0	0.01	0.02	1.37	2.62	1:1.91	31.4	6.1	0.0
6.735	517.3	-----	26.45	23.40	24.4	6.1	23.2	13.8	-15.0	0.01	0.02	1.37	2.63	1:1.92	32.1	6.1	0.0
6.745	516.9	-----	26.36	23.55	24.4	6.1	23.1	13.9	-15.0	0.01	0.02	1.37	2.62	1:1.91	31.5	6.1	0.0
6.717	517.8	-----	26.39	23.52	24.5	6.0	23.4	13.8	-15.0	0.01	0.02	1.36	2.63	1:1.93	31.1	6.0	0.0
6.733	517.6	-----	26.53	23.48	24.5	6.1	23.3	13.8	-15.0	0.01	0.02	1.36	2.63	1:1.93	31.5	6.1	0.0
