Minute Volume (lpm)	Tidal Volume (ml)	Base Flow (lpm)	PIF (lpm)	PEF (lpm)	PIP (cmH2O)	PEEP (cmH2O)	IPP (cmH2O)	MAP (cmH2O)	Breath Rate	In. Hold (sec)	Ex. Hold (sec)	In. Time (sec)	Ex. Time (sec)	I:E Ratio	Compliance (ml/cmH2O)	Min Airway Press	Assist Press	Time
3.914	279.7	-----	18.91	18.04	17.8	5.1	17.6	10.1	-15.0	0.02	0.69	1.37	2.62	1:1.91	23.5	5.1	0.0	14:06:56
3.911	280.7	-----	18.83	18.12	17.8	5.1	17.6	10.1	-15.0	0.03	0.69	1.37	2.62	1:1.91	23.1	5.1	0.0
3.878	281.5	-----	18.93	18.17	17.8	5.2	17.6	10.1	-15.0	0.03	0.68	1.37	2.62	1:1.91	23.2	5.2	0.0
3.897	280.7	-----	18.99	18.09	17.8	5.2	17.6	10.1	-15.0	0.03	0.69	1.38	2.62	1:1.90	23.5	5.2	0.0
3.916	280.2	-----	18.91	18.17	17.7	5.2	17.6	10.2	-15.1	0.02	0.69	1.37	2.61	1:1.91	23.7	5.2	0.0
3.903	278.1	-----	18.91	18.23	17.8	5.1	17.6	10.1	-15.0	0.03	0.71	1.37	2.62	1:1.91	23.3	5.1	0.0
3.915	280.6	-----	18.91	18.17	17.8	5.1	17.6	10.2	-15.1	0.03	0.68	1.37	2.61	1:1.91	23.1	5.1	0.0
3.908	278.7	-----	19.02	18.32	17.8	5.1	17.6	10.1	-15.0	0.03	0.71	1.38	2.61	1:1.89	23.2	5.1	0.0
3.906	279.2	-----	18.93	18.06	17.8	5.2	17.6	10.1	-15.0	0.03	0.70	1.38	2.61	1:1.89	23.2	5.2	0.0
3.872	279.9	-----	18.96	18.12	17.7	5.2	17.6	10.1	-15.0	0.03	0.70	1.37	2.62	1:1.91	23.3	5.2	0.0
3.902	280.6	-----	19.02	18.23	17.8	5.1	17.6	10.1	-15.0	0.02	0.69	1.37	2.62	1:1.91	23.5	5.1	0.0
3.894	280.0	-----	18.91	18.12	17.8	5.1	17.6	10.1	-15.0	0.02	0.71	1.37	2.63	1:1.92	23.5	5.1	0.0
3.881	279.5	-----	18.79	18.09	17.8	5.2	17.6	10.1	-15.1	0.02	0.71	1.36	2.62	1:1.93	22.9	5.2	0.0
3.884	279.8	-----	18.91	18.09	17.8	5.1	17.6	10.1	-15.0	0.03	0.70	1.37	2.62	1:1.91	22.9	5.1	0.0
3.867	279.0	-----	18.92	18.15	17.8	5.2	17.7	10.1	-15.0	0.03	0.70	1.37	2.62	1:1.91	23.2	5.2	0.0
3.897	279.8	-----	18.83	18.09	17.8	5.1	17.6	10.1	-15.0	0.03	0.70	1.37	2.62	1:1.91	23.5	5.1	0.0
3.887	279.5	-----	18.94	18.15	17.8	5.1	17.6	10.1	-15.0	0.02	0.71	1.36	2.63	1:1.93	23.4	5.1	0.0
3.904	279.5	-----	18.94	18.24	17.8	5.2	17.6	10.2	-15.1	0.03	0.69	1.37	2.61	1:1.91	23.2	5.2	0.0
3.896	278.4	-----	18.77	18.13	17.8	5.1	17.6	10.1	-15.0	0.02	0.71	1.37	2.62	1:1.91	23.3	5.1	0.0
3.886	279.2	-----	18.88	18.21	17.8	5.1	17.6	10.1	-15.0	0.02	0.71	1.37	2.63	1:1.92	23.4	5.1	0.0
3.890	278.6	-----	18.91	18.06	17.8	5.1	17.6	10.1	-15.0	0.02	0.72	1.36	2.63	1:1.93	23.4	5.1	0.0
3.862	277.9	-----	18.83	18.02	17.8	5.1	17.6	10.1	-15.1	0.03	0.70	1.36	2.61	1:1.92	23.1	5.1	0.0
3.895	278.1	-----	18.92	17.98	17.8	5.1	17.6	10.1	-15.1	0.03	0.70	1.37	2.61	1:1.91	22.7	5.1	0.0
3.875	278.8	-----	18.88	18.06	17.8	5.1	17.7	10.1	-15.0	0.03	0.70	1.37	2.62	1:1.91	22.6	5.1	0.0
3.887	278.0	-----	18.85	18.38	17.8	5.2	17.6	10.1	-15.1	0.03	0.70	1.37	2.61	1:1.91	23.3	5.2	0.0
3.882	278.1	-----	18.80	18.04	17.8	5.1	17.7	10.1	-15.0	0.02	0.72	1.37	2.63	1:1.92	23.1	5.1	0.0
