Minute Volume (lpm)	Tidal Volume (ml)	Base Flow (lpm)	PIF (lpm)	PEF (lpm)	PIP (cmH2O)	PEEP (cmH2O)	IPP (cmH2O)	MAP (cmH2O)	Breath Rate	In. Hold (sec)	Ex. Hold (sec)	In. Time (sec)	Ex. Time (sec)	I:E Ratio	Compliance (ml/cmH2O)	Min Airway Press	Assist Press	Time
2.601	168.6	-----	13.79	13.78	13.5	7.4	13.5	8.2	-15.0	0.06	1.16	1.38	2.61	1:1.89	20.0	4.7	2.7	14:09:45
2.606	168.5	-----	13.87	13.82	13.6	7.5	13.5	8.2	-15.0	0.06	1.17	1.38	2.61	1:1.89	20.0	4.7	2.8
2.603	169.0	-----	13.81	13.80	13.5	7.5	13.5	8.2	-15.0	0.05	1.16	1.37	2.62	1:1.91	20.3	4.7	2.8
2.580	168.4	-----	13.83	13.87	13.5	7.4	13.5	8.2	-15.0	0.06	1.18	1.37	2.62	1:1.91	20.2	4.7	2.7
2.601	169.7	-----	13.82	13.87	13.5	7.5	13.5	8.2	-15.0	0.05	1.15	1.37	2.62	1:1.91	20.6	4.7	2.8
2.601	169.3	-----	13.78	13.97	13.5	7.5	13.5	8.2	-15.0	0.05	1.16	1.37	2.62	1:1.91	20.3	4.7	2.8
2.604	169.0	-----	13.78	13.80	13.6	7.4	13.6	8.2	-15.0	0.05	1.17	1.37	2.62	1:1.91	19.8	4.7	2.7
2.608	168.7	-----	13.75	13.86	13.5	7.5	13.5	8.2	-15.1	0.06	1.15	1.38	2.60	1:1.88	20.0	4.7	2.8
2.600	169.3	-----	13.77	13.84	13.5	7.5	13.5	8.2	-15.0	0.06	1.15	1.38	2.61	1:1.89	20.3	4.7	2.8
2.598	169.1	-----	13.75	13.74	13.5	7.5	13.5	8.2	-15.0	0.05	1.16	1.37	2.62	1:1.91	20.1	4.7	2.8
2.596	168.1	-----	13.85	13.87	13.5	7.5	13.5	8.2	-15.0	0.06	1.17	1.38	2.61	1:1.89	20.2	4.7	2.8
2.581	168.3	-----	13.80	13.86	13.5	7.5	13.5	8.2	-15.0	0.06	1.17	1.38	2.62	1:1.90	20.2	4.7	2.8
2.580	167.9	-----	13.72	13.95	13.5	7.5	13.5	8.3	-15.0	0.05	1.17	1.37	2.63	1:1.92	20.7	4.7	2.8
2.578	167.6	-----	13.80	13.78	13.6	7.5	13.6	8.3	-15.0	0.06	1.17	1.37	2.62	1:1.91	20.1	4.8	2.7
2.583	167.3	-----	13.71	13.67	13.5	7.5	13.5	8.3	-15.1	0.06	1.15	1.38	2.60	1:1.88	20.1	4.8	2.7
2.580	166.3	-----	13.65	13.71	13.5	7.5	13.5	8.3	-15.0	0.06	1.18	1.38	2.62	1:1.90	20.2	4.8	2.7
2.571	164.9	-----	13.77	13.73	13.5	7.5	13.5	8.3	-15.0	0.07	1.18	1.38	2.61	1:1.89	20.1	4.8	2.7
2.560	166.5	-----	13.64	13.86	13.6	7.5	13.5	8.3	-15.0	0.06	1.18	1.37	2.62	1:1.91	20.3	4.8	2.7
2.575	166.6	-----	13.65	13.67	13.5	7.5	13.5	8.3	-15.0	0.05	1.17	1.37	2.62	1:1.91	20.0	4.8	2.7
2.572	166.8	-----	13.62	13.69	13.5	7.5	13.5	8.3	-15.0	0.06	1.16	1.38	2.62	1:1.90	20.0	4.7	2.8
2.565	165.8	-----	13.69	13.71	13.6	7.6	13.5	8.3	-15.0	0.07	1.19	1.38	2.62	1:1.90	20.4	4.8	2.8
2.570	165.5	-----	13.65	13.71	13.5	7.6	13.5	8.3	-15.1	0.06	1.18	1.37	2.61	1:1.91	19.9	4.7	2.9
2.556	166.4	-----	13.59	13.60	13.5	7.5	13.5	8.3	-15.0	0.06	1.17	1.37	2.62	1:1.91	20.2	4.8	2.7
