Minute Volume (lpm)	Tidal Volume (ml)	Base Flow (lpm)	PIF (lpm)	PEF (lpm)	PIP (cmH2O)	PEEP (cmH2O)	IPP (cmH2O)	MAP (cmH2O)	Breath Rate	In. Hold (sec)	Ex. Hold (sec)	In. Time (sec)	Ex. Time (sec)	I:E Ratio	Compliance (ml/cmH2O)	Min Airway Press	Assist Press	Time
5.108	399.5	-----	20.01	18.26	26.1	14.8	25.0	19.6	-15.0	0.02	0.02	1.41	2.58	1:1.83	42.0	14.8	0.0	14:12:32
5.132	401.7	-----	20.04	18.38	26.1	14.8	24.9	19.6	-15.0	0.02	0.01	1.41	2.58	1:1.83	40.9	14.8	0.0
5.159	404.0	-----	20.09	18.48	26.1	14.8	24.6	19.6	-15.0	0.02	0.01	1.42	2.57	1:1.81	42.9	14.8	0.0
5.172	405.5	-----	20.07	18.35	26.0	14.8	24.6	19.5	-15.0	0.02	0.02	1.42	2.58	1:1.82	44.5	14.8	0.0
5.178	407.2	-----	20.17	18.62	25.9	14.7	24.7	19.5	-15.0	0.03	0.02	1.41	2.58	1:1.83	44.2	14.7	0.0
5.215	408.5	-----	20.21	18.49	25.9	14.8	24.7	19.5	-15.0	0.02	0.01	1.41	2.58	1:1.83	42.5	14.8	0.0
5.172	409.2	-----	20.29	18.41	25.8	14.8	24.9	19.5	-15.0	0.02	0.02	1.40	2.59	1:1.85	43.5	14.8	0.0
5.247	409.5	-----	20.35	18.33	25.8	14.8	25.0	19.5	-15.1	0.03	0.02	1.41	2.57	1:1.82	43.1	14.8	0.0
5.227	410.5	-----	20.24	18.47	25.8	14.8	25.0	19.5	-15.0	0.03	0.02	1.41	2.59	1:1.84	43.2	14.8	0.0
5.248	411.6	-----	20.26	18.35	25.7	14.7	25.1	19.5	-15.0	0.02	0.02	1.40	2.59	1:1.85	42.4	14.7	0.0
5.240	411.9	-----	20.23	18.26	25.7	14.8	25.2	19.5	-15.0	0.02	0.02	1.40	2.59	1:1.85	42.4	14.8	0.0
5.228	412.1	-----	20.04	18.61	25.7	14.8	25.2	19.5	-15.0	0.02	0.02	1.40	2.59	1:1.85	42.4	14.8	0.0
5.285	411.3	-----	20.20	18.28	25.7	14.8	25.4	19.5	-15.1	0.03	0.01	1.41	2.57	1:1.82	40.7	14.8	0.0
5.275	413.3	-----	20.26	18.30	25.7	14.8	25.5	19.5	-15.0	0.03	0.01	1.41	2.58	1:1.83	40.9	14.8	0.0
5.249	413.4	-----	20.29	18.21	25.8	14.8	25.6	19.5	-15.0	0.03	0.02	1.40	2.59	1:1.85	40.9	14.8	0.0
5.248	414.0	-----	20.27	18.26	25.9	14.8	25.7	19.5	-15.0	0.03	0.02	1.40	2.59	1:1.85	40.5	14.8	0.0
5.300	413.8	-----	20.23	18.13	26.0	14.8	25.7	19.5	-15.1	0.02	0.02	1.40	2.58	1:1.84	40.5	14.8	0.0
5.303	415.4	-----	20.37	18.24	26.1	14.7	25.9	19.5	-15.1	0.03	0.01	1.40	2.58	1:1.84	38.4	14.7	0.0
5.283	415.5	-----	20.32	18.21	26.1	14.8	25.9	19.5	-15.0	0.03	0.01	1.41	2.59	1:1.84	39.9	14.8	0.0
5.261	416.3	-----	20.29	18.15	26.1	14.7	26.0	19.5	-15.0	0.02	0.02	1.39	2.60	1:1.87	39.6	14.7	0.0
5.276	416.3	-----	20.29	18.06	26.1	14.8	26.1	19.5	-15.0	0.02	0.02	1.39	2.60	1:1.87	39.2	14.8	0.0
5.294	416.7	-----	20.20	18.06	26.2	14.8	26.1	19.5	-15.0	0.03	0.01	1.40	2.59	1:1.85	37.8	14.8	0.0
5.291	415.3	-----	20.20	18.09	26.3	14.8	26.1	19.5	-15.1	0.03	0.01	1.40	2.57	1:1.84	38.1	14.8	0.0
5.290	417.5	-----	20.20	18.13	26.3	14.8	26.1	19.5	-15.0	0.02	0.02	1.40	2.60	1:1.86	39.3	14.8	0.0
5.299	416.9	-----	20.20	18.13	26.4	14.8	26.1	19.5	-15.0	0.02	0.02	1.39	2.60	1:1.87	39.3	14.8	0.0
5.299	416.9	-----	20.20	18.13	26.4	14.8	26.1	19.5	-15.0	0.02	0.02	1.39	2.60	1:1.87	39.3	14.8	0.0
