Minute Volume (lpm)	Tidal Volume (ml)	Base Flow (lpm)	PIF (lpm)	PEF (lpm)	PIP (cmH2O)	PEEP (cmH2O)	IPP (cmH2O)	MAP (cmH2O)	Breath Rate	In. Hold (sec)	Ex. Hold (sec)	In. Time (sec)	Ex. Time (sec)	I:E Ratio	Compliance (ml/cmH2O)	Min Airway Press	Assist Press	Time
5.416	429.2	-----	20.37	19.40	28.9	14.6	28.9	21.4	-15.0	0.49	0.01	2.01	1.99	1.01:1	32.2	14.6	0.0	14:15:04
5.407	428.7	-----	20.32	19.35	28.8	14.6	28.8	21.4	-15.0	0.50	0.01	2.01	1.99	1.01:1	32.2	14.6	0.0
5.395	427.9	-----	20.48	19.32	28.8	14.6	28.8	21.4	-15.0	0.50	0.01	2.00	1.99	1.01:1	32.4	14.6	0.0
5.391	427.6	-----	20.40	19.32	28.9	14.6	28.9	21.4	-15.0	0.50	0.01	2.01	1.99	1.01:1	31.9	14.6	0.0
5.382	427.2	-----	20.40	19.29	28.9	14.6	28.9	21.4	-15.0	0.51	0.01	2.01	1.99	1.01:1	32.1	14.6	0.0
5.383	427.1	-----	20.39	19.21	28.9	14.6	28.9	21.4	-15.0	0.50	0.00	2.00	1.99	1.01:1	32.1	14.6	0.0
5.373	426.8	-----	20.37	19.29	28.8	14.6	28.8	21.4	-15.0	0.51	0.00	2.01	1.99	1.01:1	32.3	14.6	0.0
5.339	426.5	-----	20.43	19.12	28.9	14.6	28.9	21.4	-15.0	0.51	0.00	2.00	1.99	1.01:1	31.5	14.6	0.0
5.362	425.4	-----	20.32	19.24	28.9	14.6	28.9	21.4	-15.0	0.51	0.00	2.01	1.99	1.01:1	31.5	14.6	0.0
5.347	422.8	-----	20.35	19.16	28.8	14.6	28.8	21.4	-15.0	0.52	0.01	2.01	1.99	1.01:1	32.0	14.6	0.0
5.331	424.3	-----	20.37	19.16	28.8	14.6	28.8	21.4	-15.0	0.53	0.01	2.01	1.99	1.01:1	32.1	14.6	0.0
5.332	423.8	-----	20.32	19.12	28.8	14.6	28.8	21.4	-15.0	0.53	0.01	2.01	1.99	1.01:1	32.1	14.6	0.0
5.320	423.8	-----	20.56	19.07	28.9	14.6	28.9	21.4	-15.0	0.53	0.01	2.01	1.99	1.01:1	31.8	14.6	0.0
5.342	423.4	-----	20.32	19.29	28.9	14.6	28.9	21.4	-15.0	0.52	0.01	2.00	1.99	1.01:1	31.8	14.6	0.0
5.324	423.2	-----	20.32	19.09	28.8	14.6	28.8	21.4	-15.1	0.53	0.00	2.00	1.98	1.01:1	31.1	14.6	0.0
5.319	422.9	-----	20.35	19.05	28.8	14.6	28.8	21.4	-15.0	0.53	0.00	2.01	1.99	1.01:1	31.3	14.6	0.0
5.310	422.5	-----	20.37	19.05	28.8	14.6	28.8	21.4	-15.0	0.53	0.00	2.01	1.99	1.01:1	31.2	14.6	0.0
5.301	421.9	-----	20.29	19.12	28.8	14.6	28.8	21.4	-15.0	0.54	0.00	2.01	1.99	1.01:1	31.4	14.6	0.0
5.312	418.5	-----	20.48	19.01	28.9	14.6	28.9	21.4	-15.0	0.54	0.00	2.01	1.98	1.02:1	31.4	14.6	0.0
5.298	420.9	-----	20.37	19.05	28.9	14.6	28.9	21.4	-15.0	0.54	0.01	2.01	1.99	1.01:1	31.6	14.6	0.0
