Minute Volume (lpm)	Tidal Volume (ml)	Base Flow (lpm)	PIF (lpm)	PEF (lpm)	PIP (cmH2O)	PEEP (cmH2O)	IPP (cmH2O)	MAP (cmH2O)	Breath Rate	In. Hold (sec)	Ex. Hold (sec)	In. Time (sec)	Ex. Time (sec)	I:E Ratio	Compliance (ml/cmH2O)	Min Airway Press	Assist Press	Time
5.211	415.6	-----	20.45	18.65	28.8	14.6	28.8	21.4	-15.0	0.59	0.00	2.01	1.99	1.01:1	31.4	14.6	0.0	14:17:27
5.219	414.0	-----	20.37	18.71	28.8	14.6	28.8	21.4	-15.0	0.59	0.01	2.01	1.98	1.02:1	31.3	14.6	0.0
5.216	412.7	-----	20.39	18.71	28.8	14.6	28.8	21.4	-15.0	0.59	0.01	2.01	1.98	1.02:1	31.0	14.6	0.0
5.175	413.9	-----	20.39	18.68	28.9	14.6	28.9	21.4	-15.0	0.59	0.01	2.00	1.99	1.01:1	31.1	14.6	0.0
5.175	414.4	-----	20.40	18.65	28.9	14.6	28.9	21.4	-15.0	0.59	0.01	2.00	1.99	1.01:1	31.1	14.6	0.0
5.172	415.5	-----	20.37	18.68	28.8	14.6	28.8	21.4	-15.0	0.59	0.00	2.00	1.99	1.01:1	31.4	14.6	0.0
5.187	414.7	-----	20.37	18.64	28.9	14.6	28.9	21.4	-15.0	0.59	0.00	2.01	1.99	1.01:1	31.1	14.6	0.0
5.168	413.4	-----	20.43	18.60	28.9	14.6	28.9	21.4	-15.0	0.60	0.00	2.01	1.98	1.02:1	30.1	14.6	0.0
5.172	412.7	-----	20.43	18.77	28.8	14.6	28.8	21.4	-15.0	0.60	0.01	2.01	1.99	1.01:1	31.0	14.6	0.0
5.197	412.9	-----	20.54	18.62	28.8	14.6	28.8	21.4	-15.1	0.60	0.00	2.00	1.98	1.01:1	30.5	14.6	0.0
5.170	412.8	-----	20.54	18.52	28.8	14.6	28.8	21.4	-15.0	0.60	0.01	2.01	1.99	1.01:1	31.2	14.6	0.0
5.161	412.5	-----	20.37	18.60	28.8	14.6	28.8	21.4	-15.0	0.61	0.01	2.01	1.99	1.01:1	31.2	14.6	0.0
5.155	408.5	-----	20.40	18.54	28.8	14.8	28.8	21.4	-15.0	0.61	0.01	2.01	1.99	1.01:1	31.4	14.8	0.0
5.145	407.8	-----	20.24	18.54	28.8	14.7	28.8	21.5	-15.1	0.62	0.01	2.01	1.97	1.02:1	30.8	14.7	0.0
5.139	411.1	-----	20.43	18.45	28.8	14.6	28.8	21.4	-15.0	0.62	0.01	2.01	1.99	1.01:1	31.1	14.6	0.0
5.144	409.7	-----	20.39	18.54	28.8	14.7	28.8	21.4	-15.0	0.63	0.01	2.01	1.98	1.02:1	31.0	14.7	0.0
