Minute Volume (lpm)	Tidal Volume (ml)	Base Flow (lpm)	PIF (lpm)	PEF (lpm)	PIP (cmH2O)	PEEP (cmH2O)	IPP (cmH2O)	MAP (cmH2O)	Breath Rate	In. Hold (sec)	Ex. Hold (sec)	In. Time (sec)	Ex. Time (sec)	I:E Ratio	Compliance (ml/cmH2O)	Min Airway Press	Assist Press	Time
6.915	531.4	-----	26.62	22.91	25.0	6.4	23.6	13.9	-15.1	0.02	0.01	1.37	2.61	1:1.91	31.4	6.4	0.0	14:23:00
6.887	533.0	-----	26.62	22.98	25.0	6.4	23.4	13.9	-15.0	0.01	0.01	1.37	2.62	1:1.91	32.1	6.4	0.0
6.911	532.7	-----	26.59	23.01	25.0	6.4	23.6	13.9	-15.0	0.01	0.01	1.37	2.62	1:1.91	31.8	6.4	0.0
6.906	531.9	-----	26.68	22.98	25.0	6.4	23.6	13.9	-15.0	0.01	0.01	1.37	2.62	1:1.91	32.0	6.4	0.0
6.885	532.3	-----	26.68	23.01	25.0	6.4	23.7	13.9	-15.0	0.01	0.01	1.37	2.63	1:1.92	32.4	6.4	0.0
6.855	531.7	-----	26.65	22.87	25.0	6.3	23.6	13.9	-15.0	0.01	0.02	1.36	2.63	1:1.93	32.8	6.3	0.0
6.909	530.7	-----	26.68	22.82	25.0	6.4	23.8	13.9	-15.1	0.02	0.01	1.37	2.61	1:1.91	32.1	6.4	0.0
6.882	531.8	-----	26.62	22.96	25.0	6.4	23.6	13.9	-15.0	0.01	0.02	1.37	2.63	1:1.92	32.8	6.4	0.0
6.868	531.0	-----	26.53	22.80	25.0	6.4	23.6	13.9	-15.1	0.01	0.01	1.36	2.62	1:1.93	31.4	6.4	0.0
6.866	530.2	-----	26.62	22.87	25.0	6.4	23.8	13.9	-15.1	0.02	0.01	1.37	2.61	1:1.91	31.9	6.4	0.0
6.865	530.9	-----	26.62	22.98	25.0	6.4	23.7	13.9	-15.1	0.01	0.01	1.36	2.62	1:1.93	31.4	6.4	0.0
6.864	531.2	-----	26.50	22.91	25.0	6.4	23.7	13.9	-15.0	0.01	0.01	1.37	2.63	1:1.92	32.3	6.4	0.0
6.881	530.4	-----	26.42	22.94	25.0	6.4	23.5	13.9	-15.0	0.01	0.01	1.37	2.62	1:1.91	31.5	6.4	0.0
6.871	531.3	-----	26.56	22.98	25.0	6.4	23.8	13.9	-15.0	0.01	0.01	1.37	2.63	1:1.92	32.0	6.4	0.0
6.833	528.5	-----	26.56	22.80	25.0	6.4	23.9	13.9	-15.1	0.02	0.02	1.36	2.62	1:1.93	32.0	6.4	0.0
6.865	529.1	-----	26.59	22.85	25.0	6.4	23.7	13.9	-15.1	0.01	0.01	1.36	2.62	1:1.93	32.2	6.4	0.0
6.881	529.2	-----	26.68	22.87	25.0	6.4	23.7	13.9	-15.0	0.01	0.02	1.37	2.62	1:1.91	32.2	6.4	0.0
6.803	530.6	-----	26.65	22.91	25.0	6.3	23.8	13.9	-15.1	0.01	0.01	1.35	2.63	1:1.95	31.9	6.3	0.0
6.876	530.3	-----	26.62	22.91	25.0	6.4	23.7	13.9	-15.0	0.01	0.01	1.37	2.62	1:1.91	31.1	6.4	0.0
6.865	530.8	-----	26.65	22.77	25.0	6.4	23.9	13.9	-15.0	0.01	0.01	1.37	2.63	1:1.92	31.2	6.4	0.0
6.858	530.0	-----	26.68	22.85	25.0	6.4	23.8	13.9	-15.0	0.01	0.02	1.37	2.63	1:1.92	32.1	6.4	0.0
6.870	530.3	-----	26.59	22.94	25.0	6.4	23.9	13.9	-15.0	0.01	0.01	1.36	2.63	1:1.93	30.8	6.4	0.0
6.869	529.5	-----	26.68	22.91	25.0	6.4	23.8	13.9	-15.0	0.01	0.01	1.37	2.62	1:1.91	31.3	6.4	0.0
6.876	528.0	-----	26.47	22.91	25.0	6.4	23.8	13.9	-15.0	0.01	0.01	1.37	2.62	1:1.91	31.4	6.4	0.0
6.859	529.5	-----	26.65	22.91	25.0	6.4	23.8	13.9	-15.0	0.01	0.02	1.37	2.63	1:1.92	32.0	6.4	0.0
6.864	530.0	-----	26.56	23.05	25.0	6.4	23.9	13.9	-15.0	0.01	0.01	1.36	2.63	1:1.93	30.8	6.4	0.0
