Minute Volume (lpm)	Tidal Volume (ml)	Base Flow (lpm)	PIF (lpm)	PEF (lpm)	PIP (cmH2O)	PEEP (cmH2O)	IPP (cmH2O)	MAP (cmH2O)	Breath Rate	In. Hold (sec)	Ex. Hold (sec)	In. Time (sec)	Ex. Time (sec)	I:E Ratio	Compliance (ml/cmH2O)	Min Airway Press	Assist Press	Time
5.485	427.2	-----	19.59	20.75	23.3	9.4	23.3	16.5	-15.0	0.03	0.01	2.03	1.97	1.03:1	33.1	9.4	0.0	14:25:40
5.457	427.6	-----	19.61	20.69	23.3	9.5	23.3	16.5	-15.0	0.04	0.00	2.03	1.96	1.04:1	32.8	9.5	0.0
5.464	424.7	-----	19.59	20.69	23.3	9.5	23.3	16.5	-15.0	0.03	0.01	2.03	1.96	1.04:1	32.9	9.5	0.0
5.472	426.8	-----	19.56	20.69	23.3	9.5	23.3	16.5	-15.0	0.03	0.01	2.03	1.97	1.03:1	33.0	9.5	0.0
5.484	426.5	-----	19.61	20.72	23.4	9.5	23.4	16.5	-15.0	0.03	0.00	2.03	1.96	1.04:1	32.3	9.5	0.0
5.472	427.4	-----	19.61	20.61	23.4	9.5	23.3	16.5	-15.0	0.03	0.00	2.03	1.96	1.04:1	31.8	9.5	0.0
5.478	427.4	-----	19.70	20.80	23.3	9.5	23.3	16.5	-15.0	0.03	0.00	2.04	1.96	1.04:1	31.8	9.5	0.0
5.478	427.7	-----	19.59	20.67	23.4	9.5	23.3	16.5	-15.0	0.03	0.00	2.04	1.96	1.04:1	32.1	9.5	0.0
5.482	427.8	-----	19.61	20.69	23.3	9.5	23.3	16.5	-15.0	0.03	0.00	2.04	1.96	1.04:1	32.1	9.5	0.0
5.461	427.9	-----	19.59	20.77	23.4	9.5	23.3	16.5	-15.0	0.03	0.01	2.03	1.97	1.03:1	33.1	9.5	0.0
5.487	426.9	-----	19.64	20.69	23.4	9.5	23.3	16.6	-15.1	0.03	0.00	2.03	1.95	1.04:1	31.8	9.5	0.0
5.487	427.6	-----	19.58	20.98	23.4	9.5	23.3	16.5	-15.0	0.03	0.00	2.04	1.96	1.04:1	31.9	9.5	0.0
5.485	428.1	-----	19.53	20.75	23.3	9.6	23.3	16.5	-15.0	0.03	0.00	2.04	1.96	1.04:1	31.9	9.6	0.0
5.475	428.2	-----	19.70	20.72	23.4	9.5	23.3	16.5	-15.0	0.03	0.00	2.04	1.96	1.04:1	31.9	9.5	0.0
