Minute Volume (lpm)	Tidal Volume (ml)	Base Flow (lpm)	PIF (lpm)	PEF (lpm)	PIP (cmH2O)	PEEP (cmH2O)	IPP (cmH2O)	MAP (cmH2O)	Breath Rate	In. Hold (sec)	Ex. Hold (sec)	In. Time (sec)	Ex. Time (sec)	I:E Ratio	Compliance (ml/cmH2O)	Min Airway Press	Assist Press	Time
5.855	449.2	-----	19.39	20.83	23.6	9.6	23.6	16.5	-15.0	0.04	0.00	2.03	1.96	1.04:1	33.5	9.6	0.0	14:28:15
5.844	449.4	-----	19.36	20.75	23.6	9.5	23.6	16.5	-15.0	0.05	0.00	2.04	1.96	1.04:1	33.5	9.5	0.0
5.802	449.2	-----	19.44	20.67	23.6	9.6	23.6	16.5	-15.0	0.05	0.01	2.03	1.97	1.03:1	34.0	9.6	0.0
5.826	449.3	-----	19.41	20.65	23.6	9.5	23.6	16.5	-15.0	0.05	0.01	2.03	1.97	1.03:1	34.0	9.5	0.0
5.822	447.2	-----	19.47	20.70	23.7	9.6	23.7	16.5	-15.1	0.05	0.00	2.02	1.96	1.03:1	33.1	9.6	0.0
5.825	448.7	-----	19.36	20.60	23.6	9.6	23.6	16.4	-15.0	0.05	0.00	2.02	1.97	1.03:1	34.5	9.6	0.0
5.825	448.3	-----	19.28	20.60	23.7	9.6	23.7	16.5	-15.0	0.05	0.00	2.03	1.96	1.04:1	33.2	9.6	0.0
5.815	447.4	-----	19.47	20.65	23.7	9.6	23.7	16.5	-15.0	0.06	0.01	2.04	1.96	1.04:1	33.6	9.6	0.0
5.809	448.6	-----	19.33	20.60	23.7	9.6	23.7	16.4	-15.0	0.06	0.01	2.03	1.97	1.03:1	33.7	9.6	0.0
5.811	447.9	-----	19.41	20.75	23.7	9.6	23.7	16.5	-15.0	0.06	0.01	2.03	1.97	1.03:1	33.9	9.6	0.0
5.805	448.2	-----	19.41	20.49	23.7	9.6	23.7	16.5	-15.0	0.06	0.01	2.03	1.97	1.03:1	33.6	9.6	0.0
5.803	448.1	-----	19.28	20.65	23.7	9.6	23.7	16.5	-15.0	0.07	0.01	2.03	1.97	1.03:1	33.9	9.6	0.0
5.802	447.4	-----	19.44	20.49	23.7	9.6	23.7	16.5	-15.0	0.06	0.01	2.03	1.97	1.03:1	33.8	9.6	0.0
5.805	447.2	-----	19.28	20.60	23.8	9.6	23.8	16.5	-15.0	0.06	0.01	2.03	1.97	1.03:1	33.6	9.6	0.0
5.788	447.7	-----	19.39	20.55	23.7	9.6	23.7	16.5	-15.0	0.07	0.01	2.03	1.97	1.03:1	33.9	9.6	0.0
