Minute Volume (lpm)	Tidal Volume (ml)	Base Flow (lpm)	PIF (lpm)	PEF (lpm)	PIP (cmH2O)	PEEP (cmH2O)	IPP (cmH2O)	MAP (cmH2O)	Breath Rate	In. Hold (sec)	Ex. Hold (sec)	In. Time (sec)	Ex. Time (sec)	I:E Ratio	Compliance (ml/cmH2O)	Min Airway Press	Assist Press	Time
6.973	549.8	-----	25.93	22.36	24.6	6.4	23.4	13.9	-15.0	0.01	0.01	1.37	2.63	1:1.92	34.7	6.4	0.0	14:30:41
6.993	549.9	-----	26.07	22.43	24.6	6.4	23.3	13.9	-15.0	0.01	0.00	1.37	2.62	1:1.91	33.7	6.4	0.0
6.993	548.0	-----	26.10	22.32	24.7	6.4	23.4	13.9	-15.0	0.01	0.00	1.37	2.62	1:1.91	33.6	6.4	0.0
6.969	549.1	-----	25.99	22.34	24.7	6.4	23.4	13.9	-15.0	0.02	0.01	1.38	2.62	1:1.90	34.5	6.4	0.0
6.993	549.5	-----	26.02	22.41	24.6	6.4	23.4	13.9	-15.0	0.01	0.00	1.37	2.62	1:1.91	33.5	6.4	0.0
6.967	548.7	-----	26.04	22.51	24.6	6.4	23.3	13.9	-15.0	0.02	0.01	1.38	2.62	1:1.90	34.5	6.4	0.0
6.990	549.6	-----	25.96	22.48	24.6	6.4	23.2	13.9	-15.0	0.01	0.00	1.37	2.62	1:1.91	33.7	6.4	0.0
6.975	548.8	-----	25.96	22.53	24.6	6.4	23.2	13.9	-15.0	0.01	0.01	1.38	2.62	1:1.90	34.7	6.4	0.0
6.986	548.9	-----	26.22	22.38	24.5	6.4	23.3	13.9	-15.0	0.01	0.00	1.37	2.62	1:1.91	33.2	6.4	0.0
6.976	549.3	-----	25.93	22.44	24.6	6.4	23.2	13.9	-15.0	0.01	0.00	1.38	2.62	1:1.90	34.5	6.4	0.0
6.970	548.5	-----	25.99	22.60	24.6	6.4	23.3	13.9	-15.0	0.02	0.01	1.38	2.62	1:1.90	34.7	6.4	0.0
6.983	548.5	-----	26.07	22.46	24.6	6.4	23.2	13.9	-15.0	0.01	0.00	1.37	2.62	1:1.91	34.0	6.4	0.0
6.966	548.2	-----	25.99	22.41	24.5	6.4	23.3	13.9	-15.0	0.02	0.01	1.38	2.62	1:1.90	34.6	6.4	0.0
6.980	548.5	-----	25.96	22.55	24.6	6.4	23.2	13.9	-15.0	0.01	0.00	1.37	2.62	1:1.91	33.6	6.4	0.0
6.969	548.1	-----	25.84	22.49	24.5	6.4	23.0	13.9	-15.0	0.01	0.01	1.38	2.62	1:1.90	35.3	6.4	0.0
