Minute Volume (lpm)	Tidal Volume (ml)	Base Flow (lpm)	PIF (lpm)	PEF (lpm)	PIP (cmH2O)	PEEP (cmH2O)	IPP (cmH2O)	MAP (cmH2O)	Breath Rate	In. Hold (sec)	Ex. Hold (sec)	In. Time (sec)	Ex. Time (sec)	I:E Ratio	Compliance (ml/cmH2O)	Min Airway Press	Assist Press	Time
4.116	345.2	-----	20.70	17.64	28.3	14.6	28.3	21.5	-15.0	0.87	0.00	2.01	1.99	1.01:1	26.9	14.6	0.0	14:33:15
4.118	341.4	-----	20.59	17.53	28.3	14.6	28.3	21.5	-15.0	0.86	0.00	2.01	1.98	1.02:1	26.0	14.6	0.0
4.087	342.0	-----	20.68	17.47	28.3	14.6	28.3	21.5	-15.0	0.88	0.00	2.02	1.98	1.02:1	26.3	14.6	0.0
4.041	340.3	-----	20.70	17.59	28.3	14.6	28.3	21.5	-15.0	0.88	0.01	2.01	1.99	1.01:1	26.7	14.6	0.0
4.027	340.1	-----	20.70	17.42	28.3	14.6	28.3	21.5	-15.0	0.88	0.01	2.00	1.99	1.01:1	26.7	14.6	0.0
4.059	338.9	-----	20.84	17.53	28.3	14.6	28.3	21.5	-15.0	0.87	0.01	2.01	1.99	1.01:1	26.8	14.6	0.0
4.021	339.1	-----	20.73	17.59	28.3	14.7	28.3	21.5	-15.0	0.87	0.00	2.00	1.99	1.01:1	26.4	14.7	0.0
4.026	338.0	-----	20.68	17.47	28.3	14.6	28.3	21.5	-15.0	0.88	0.00	2.01	1.99	1.01:1	26.6	14.6	0.0
4.026	337.6	-----	20.90	17.49	28.3	14.7	28.3	21.5	-15.0	0.87	0.00	2.01	1.99	1.01:1	26.5	14.7	0.0
4.021	336.4	-----	20.73	17.53	28.3	14.7	28.3	21.5	-15.0	0.87	0.01	2.01	1.99	1.01:1	26.4	14.7	0.0
4.009	335.2	-----	20.70	17.51	28.3	14.6	28.3	21.5	-15.0	0.88	0.01	2.01	1.99	1.01:1	26.3	14.6	0.0
3.998	334.6	-----	20.70	17.50	28.3	14.7	28.3	21.5	-15.0	0.87	0.00	2.00	1.99	1.01:1	26.1	14.7	0.0
4.008	334.0	-----	20.73	17.47	28.4	14.7	28.4	21.5	-15.0	0.86	0.00	2.01	1.99	1.01:1	26.0	14.7	0.0
3.987	333.3	-----	20.87	17.42	28.3	14.6	28.3	21.5	-15.0	0.87	0.00	2.01	1.99	1.01:1	26.2	14.6	0.0
