Minute Volume (lpm)	Tidal Volume (ml)	Base Flow (lpm)	PIF (lpm)	PEF (lpm)	PIP (cmH2O)	PEEP (cmH2O)	IPP (cmH2O)	MAP (cmH2O)	Breath Rate	In. Hold (sec)	Ex. Hold (sec)	In. Time (sec)	Ex. Time (sec)	I:E Ratio	Compliance (ml/cmH2O)	Min Airway Press	Assist Press	Time
3.360	281.3	-----	21.91	15.99	28.8	15.1	28.8	22.0	-15.1	1.07	0.00	2.01	1.97	1.02:1	21.4	15.1	0.0	14:42:25
3.376	283.6	-----	22.05	16.06	28.8	15.0	28.8	22.0	-15.0	1.06	0.00	2.01	1.99	1.01:1	21.6	15.0	0.0
3.372	283.1	-----	21.91	15.97	28.8	15.0	28.8	21.9	-15.0	1.07	0.00	2.01	1.99	1.01:1	21.6	15.0	0.0
3.370	281.7	-----	21.91	15.95	28.8	15.0	28.8	21.9	-15.0	1.07	0.01	2.01	1.99	1.01:1	21.5	15.0	0.0
3.357	282.6	-----	22.02	16.10	28.7	15.0	28.7	21.9	-15.0	1.07	0.00	2.01	1.99	1.01:1	21.7	15.0	0.0
3.360	282.2	-----	21.91	16.10	28.8	15.0	28.8	21.9	-15.0	1.07	0.01	2.01	1.99	1.01:1	21.5	15.0	0.0
3.365	281.4	-----	22.02	15.93	28.8	15.1	28.8	22.0	-15.0	1.07	0.00	2.01	1.98	1.02:1	21.4	15.1	0.0
3.355	281.8	-----	22.10	15.93	28.8	15.1	28.8	22.0	-15.0	1.07	0.00	2.01	1.99	1.01:1	21.5	15.1	0.0
3.357	281.0	-----	21.98	15.99	28.8	15.1	28.8	22.0	-15.0	1.07	0.00	2.01	1.98	1.02:1	21.4	15.1	0.0
3.363	281.3	-----	22.05	16.08	28.8	15.1	28.8	21.9	-15.0	1.06	0.00	2.01	1.99	1.01:1	21.4	15.1	0.0
3.348	280.6	-----	21.93	16.02	28.8	15.1	28.8	22.0	-15.0	1.07	0.00	2.01	1.99	1.01:1	21.4	15.1	0.0
3.358	278.6	-----	22.02	16.04	28.8	15.1	28.8	22.0	-15.1	1.07	0.00	2.01	1.97	1.02:1	21.2	15.1	0.0
3.327	280.1	-----	21.93	16.00	28.7	15.1	28.7	21.9	-15.0	1.08	0.01	2.01	1.99	1.01:1	22.0	15.1	0.0
3.303	279.9	-----	21.98	16.02	28.8	15.0	28.8	22.0	-15.0	1.08	0.01	2.00	1.99	1.01:1	21.5	15.0	0.0
3.340	276.8	-----	22.13	16.00	28.8	15.1	28.8	22.0	-15.1	1.08	0.01	2.01	1.97	1.02:1	21.4	15.1	0.0
3.324	279.2	-----	22.17	15.97	28.7	15.1	28.7	21.9	-15.0	1.08	0.01	2.01	1.99	1.01:1	21.8	15.1	0.0
3.271	278.1	-----	22.02	16.10	28.7	15.1	28.7	22.0	-15.1	1.08	0.01	1.99	1.99	1:1.00	21.8	15.1	0.0
3.322	277.8	-----	22.02	16.10	28.8	15.1	28.8	22.0	-15.0	1.08	0.01	2.01	1.99	1.01:1	21.7	15.1	0.0
3.315	277.6	-----	21.88	15.92	28.7	15.1	28.7	22.0	-15.0	1.09	0.01	2.01	1.98	1.02:1	21.5	15.1	0.0
3.321	278.1	-----	22.10	15.95	28.8	15.1	28.8	22.0	-15.0	1.08	0.01	2.01	1.99	1.01:1	21.5	15.1	0.0
3.312	277.5	-----	21.99	15.91	28.8	15.1	28.8	22.0	-15.0	1.08	0.01	2.01	1.99	1.01:1	21.5	15.1	0.0
3.304	277.6	-----	22.02	15.95	28.7	15.1	28.7	22.0	-15.0	1.09	0.01	2.01	1.99	1.01:1	21.8	15.1	0.0
3.321	277.3	-----	22.13	15.96	28.8	15.0	28.8	22.0	-15.0	1.08	0.00	2.01	1.98	1.02:1	21.1	15.0	0.0
3.306	276.8	-----	22.10	15.99	28.7	15.1	28.7	22.0	-15.0	1.08	0.01	2.01	1.99	1.01:1	21.6	15.1	0.0
3.281	277.1	-----	21.91	15.96	28.7	15.1	28.7	22.0	-15.0	1.08	0.01	2.00	1.99	1.01:1	21.3	15.1	0.0
3.314	274.9	-----	21.93	16.02	28.8	15.1	28.8	22.0	-15.0	1.08	0.01	2.01	1.98	1.02:1	20.9	15.1	0.0
3.309	275.0	-----	22.25	16.11	28.7	15.1	28.7	22.0	-15.0	1.08	0.01	2.01	1.98	1.02:1	21.3	15.1	0.0
3.272	276.7	-----	21.91	15.93	28.8	15.1	28.8	22.0	-15.0	1.08	0.01	2.00	1.99	1.01:1	21.1	15.1	0.0
3.292	276.1	-----	21.93	16.06	28.7	15.1	28.7	22.0	-15.0	1.08	0.01	2.01	1.99	1.01:1	21.2	15.1	0.0
3.286	275.9	-----	22.18	16.07	28.7	15.1	28.7	22.0	-15.0	1.09	0.01	2.01	1.99	1.01:1	21.2	15.1	0.0
3.294	274.7	-----	21.99	15.96	28.8	15.1	28.8	22.0	-15.0	1.09	0.01	2.01	1.98	1.02:1	20.9	15.1	0.0
3.288	274.8	-----	22.04	15.96	28.7	15.1	28.7	22.0	-15.0	1.08	0.01	2.01	1.99	1.01:1	21.1	15.1	0.0
3.289	270.9	-----	22.04	15.93	28.7	15.7	28.7	22.0	-15.0	1.09	0.01	2.01	1.99	1.01:1	21.3	15.1	0.6
3.282	270.5	-----	21.98	15.86	28.7	15.1	28.7	22.0	-15.0	1.10	0.01	2.01	1.98	1.02:1	20.9	15.1	0.0
3.286	271.1	-----	22.02	15.86	28.8	15.0	28.8	22.0	-15.0	1.09	0.01	2.01	1.99	1.01:1	20.8	15.0	0.0
