Minute Volume (lpm)	Tidal Volume (ml)	Base Flow (lpm)	PIF (lpm)	PEF (lpm)	PIP (cmH2O)	PEEP (cmH2O)	IPP (cmH2O)	MAP (cmH2O)	Breath Rate	In. Hold (sec)	Ex. Hold (sec)	In. Time (sec)	Ex. Time (sec)	I:E Ratio	Compliance (ml/cmH2O)	Min Airway Press	Assist Press	Time
7.339	568.6	-----	28.19	22.51	26.6	5.9	26.1	13.8	-15.0	0.01	0.00	1.37	2.62	1:1.91	29.3	5.9	0.0	14:46:28
7.364	565.0	-----	27.87	22.55	26.6	5.9	26.1	13.8	-15.1	0.01	0.00	1.37	2.61	1:1.91	28.6	5.9	0.0
7.336	569.0	-----	27.92	22.61	26.6	5.9	26.2	13.8	-15.0	0.01	0.00	1.37	2.62	1:1.91	29.0	5.9	0.0
7.353	568.4	-----	27.95	22.55	26.5	5.9	26.1	13.8	-15.0	0.01	0.00	1.37	2.62	1:1.91	29.1	5.9	0.0
7.341	567.8	-----	28.01	22.68	26.5	5.9	26.2	13.8	-15.1	0.02	0.00	1.37	2.61	1:1.91	28.5	5.9	0.0
7.314	569.1	-----	28.01	22.61	26.5	6.0	25.9	13.8	-15.0	0.01	0.00	1.37	2.62	1:1.91	29.1	6.0	0.0
7.353	566.3	-----	28.19	22.63	26.5	5.9	26.1	13.8	-15.0	0.02	0.00	1.38	2.61	1:1.89	28.8	5.9	0.0
7.336	569.1	-----	27.89	22.78	26.5	6.0	26.0	13.8	-15.0	0.01	0.01	1.37	2.63	1:1.92	29.7	6.0	0.0
7.365	569.2	-----	28.01	22.63	26.5	5.9	26.0	13.8	-15.0	0.01	0.00	1.37	2.62	1:1.91	28.8	5.9	0.0
7.353	567.3	-----	28.04	22.65	26.5	5.9	26.0	13.8	-15.0	0.02	0.00	1.38	2.61	1:1.89	28.9	5.9	0.0
7.351	566.8	-----	27.92	22.61	26.4	5.9	26.0	13.8	-15.0	0.01	0.00	1.37	2.62	1:1.91	29.0	5.9	0.0
7.353	568.3	-----	27.92	22.63	26.4	5.9	25.9	13.8	-15.0	0.01	0.00	1.37	2.62	1:1.91	29.4	5.9	0.0
7.333	568.1	-----	27.83	22.89	26.3	5.9	25.9	13.8	-15.0	0.01	0.01	1.37	2.63	1:1.92	29.7	5.9	0.0
7.351	566.4	-----	27.89	22.82	26.3	5.9	25.8	13.8	-15.0	0.01	0.01	1.37	2.62	1:1.91	29.9	5.9	0.0
7.353	568.7	-----	28.09	22.65	26.3	5.9	25.7	13.8	-15.0	0.01	0.00	1.37	2.62	1:1.91	29.6	5.9	0.0
7.312	565.8	-----	27.92	22.65	26.3	5.9	25.6	13.8	-15.0	0.01	0.01	1.37	2.62	1:1.91	30.4	5.9	0.0
7.354	568.0	-----	28.04	22.61	26.3	5.9	25.6	13.8	-15.0	0.01	0.01	1.37	2.62	1:1.91	30.0	5.9	0.0
7.342	569.1	-----	28.07	22.75	26.3	5.9	25.8	13.8	-15.0	0.01	0.01	1.37	2.63	1:1.92	30.1	5.9	0.0
7.357	569.0	-----	27.95	22.70	26.3	5.9	25.6	13.8	-15.0	0.01	0.00	1.37	2.62	1:1.91	29.9	5.9	0.0
