Minute Volume (lpm)	Tidal Volume (ml)	Base Flow (lpm)	PIF (lpm)	PEF (lpm)	PIP (cmH2O)	PEEP (cmH2O)	IPP (cmH2O)	MAP (cmH2O)	Breath Rate	In. Hold (sec)	Ex. Hold (sec)	In. Time (sec)	Ex. Time (sec)	I:E Ratio	Compliance (ml/cmH2O)	Min Airway Press	Assist Press	Time
5.568	436.2	-----	20.36	19.78	24.0	9.8	23.9	16.8	-15.0	0.28	0.01	2.00	2.00	1:1.00	33.2	9.8	0.0	14:49:25
5.563	435.9	-----	20.22	19.63	24.0	9.8	24.0	16.8	-15.0	0.28	0.01	2.00	2.00	1:1.00	33.0	9.8	0.0
5.566	434.8	-----	20.25	19.70	24.0	9.8	24.0	16.8	-15.0	0.29	0.01	2.00	1.99	1.01:1	32.2	9.8	0.0
5.517	434.7	-----	20.17	19.67	24.0	9.8	24.0	16.8	-15.0	0.28	0.01	1.99	2.00	1:1.01	32.9	9.8	0.0
5.560	434.2	-----	20.17	19.69	24.0	9.8	24.0	16.8	-15.0	0.29	0.00	2.00	1.99	1.01:1	32.4	9.8	0.0
5.547	433.0	-----	20.28	19.73	24.0	9.8	24.0	16.8	-15.0	0.29	0.01	2.01	1.99	1.01:1	32.0	9.8	0.0
5.536	433.4	-----	20.28	19.50	23.9	9.7	23.9	16.8	-15.0	0.31	0.01	2.01	1.99	1.01:1	32.5	9.7	0.0
5.532	434.0	-----	20.17	19.59	24.0	9.8	24.0	16.8	-15.0	0.30	0.01	2.00	2.00	1:1.00	32.6	9.8	0.0
5.549	432.9	-----	20.17	19.63	24.0	9.7	24.0	16.8	-15.1	0.30	0.00	2.00	1.98	1.01:1	32.0	9.7	0.0
5.535	431.4	-----	20.46	19.48	24.0	9.8	24.0	16.8	-15.0	0.31	0.01	2.01	1.99	1.01:1	32.1	9.8	0.0
5.527	433.3	-----	20.17	19.53	24.0	9.8	24.0	16.8	-15.0	0.30	0.01	2.00	2.00	1:1.00	32.5	9.8	0.0
5.524	432.8	-----	20.25	19.42	24.0	9.8	24.0	16.8	-15.0	0.30	0.01	2.00	2.00	1:1.00	32.5	9.8	0.0
