Minute Volume (lpm)	Tidal Volume (ml)	Base Flow (lpm)	PIF (lpm)	PEF (lpm)	PIP (cmH2O)	PEEP (cmH2O)	IPP (cmH2O)	MAP (cmH2O)	Breath Rate	In. Hold (sec)	Ex. Hold (sec)	In. Time (sec)	Ex. Time (sec)	I:E Ratio	Compliance (ml/cmH2O)	Min Airway Press	Assist Press	Time
5.496	434.1	-----	25.67	19.96	25.2	9.9	25.2	18.1	-15.0	0.84	0.01	2.01	1.98	1.02:1	30.7	9.9	0.0	14:53:54
5.502	436.8	-----	25.44	19.99	25.2	9.8	25.2	18.1	-15.0	0.84	0.01	2.01	1.99	1.01:1	31.2	9.8	0.0
5.523	435.3	-----	25.67	20.26	25.2	9.8	25.2	18.1	-15.0	0.84	0.00	2.01	1.98	1.02:1	30.6	9.8	0.0
5.487	436.3	-----	25.56	20.39	25.2	9.7	25.2	18.1	-15.0	0.84	0.00	2.01	1.98	1.02:1	29.4	9.7	0.0
5.455	436.2	-----	25.47	20.01	25.1	9.8	25.1	18.0	-15.0	0.85	0.01	2.01	1.99	1.01:1	31.1	9.8	0.0
5.500	434.0	-----	25.38	20.07	25.1	9.8	25.1	18.1	-15.0	0.85	0.00	2.01	1.98	1.02:1	31.0	9.8	0.0
5.487	436.3	-----	25.58	20.15	25.2	9.8	25.2	18.1	-15.0	0.85	0.00	2.01	1.99	1.01:1	30.9	9.8	0.0
5.482	435.0	-----	25.47	19.99	25.1	9.8	25.1	18.1	-15.0	0.85	0.01	2.01	1.99	1.01:1	31.2	9.8	0.0
5.448	435.7	-----	25.61	20.15	25.1	9.8	25.1	18.1	-15.0	0.85	0.00	2.00	1.99	1.01:1	30.9	9.8	0.0
5.491	434.8	-----	25.67	20.10	25.2	9.9	25.2	18.1	-15.0	0.85	0.00	2.01	1.98	1.02:1	29.3	9.9	0.0
5.475	435.2	-----	25.59	19.99	25.1	9.8	25.1	18.1	-15.0	0.86	0.00	2.02	1.98	1.02:1	29.8	9.8	0.0
5.475	435.1	-----	25.67	20.00	25.1	9.8	25.1	18.1	-15.0	0.85	0.00	2.01	1.99	1.01:1	30.0	9.8	0.0
5.484	434.3	-----	25.56	19.89	25.2	9.8	25.2	18.1	-15.0	0.85	0.00	2.01	1.98	1.02:1	29.1	9.8	0.0
5.466	434.8	-----	25.56	19.99	25.1	9.8	25.1	18.1	-15.0	0.86	0.00	2.02	1.98	1.02:1	29.5	9.8	0.0
5.475	434.7	-----	25.56	19.99	25.2	9.8	25.2	18.1	-15.0	0.86	0.00	2.02	1.98	1.02:1	29.3	9.8	0.0
5.469	435.0	-----	25.58	19.91	25.1	9.8	25.1	18.1	-15.0	0.86	0.00	2.02	1.98	1.02:1	29.5	9.8	0.0
5.466	435.2	-----	25.56	19.96	25.1	9.8	25.1	18.1	-15.0	0.85	0.00	2.01	1.99	1.01:1	29.8	9.8	0.0
5.470	434.9	-----	25.61	20.02	25.2	9.9	25.2	18.1	-15.0	0.85	0.00	2.01	1.99	1.01:1	29.9	9.9	0.0
