Minute Volume (lpm)	Tidal Volume (ml)	Base Flow (lpm)	PIF (lpm)	PEF (lpm)	PIP (cmH2O)	PEEP (cmH2O)	IPP (cmH2O)	MAP (cmH2O)	Breath Rate	In. Hold (sec)	Ex. Hold (sec)	In. Time (sec)	Ex. Time (sec)	I:E Ratio	Compliance (ml/cmH2O)	Min Airway Press	Assist Press	Time
7.679	592.7	-----	32.66	23.28	30.2	6.0	30.2	15.2	-15.0	0.11	0.00	1.35	2.64	1:1.96	25.0	6.0	0.0	14:56:25
7.672	592.2	-----	32.69	23.34	30.2	6.0	30.2	15.2	-15.0	0.10	0.00	1.36	2.64	1:1.94	25.5	6.0	0.0
7.656	590.9	-----	32.40	23.13	30.2	5.9	30.2	15.2	-15.0	0.11	0.01	1.35	2.65	1:1.96	26.1	5.9	0.0
7.656	591.5	-----	32.59	23.23	30.3	6.0	30.3	15.2	-15.1	0.11	0.00	1.34	2.64	1:1.97	25.6	6.0	0.0
7.687	592.4	-----	32.29	23.15	30.2	5.9	30.2	15.2	-15.0	0.11	0.00	1.35	2.64	1:1.96	24.9	5.9	0.0
7.688	589.7	-----	32.47	23.17	30.2	6.0	30.2	15.2	-15.0	0.11	0.00	1.36	2.63	1:1.93	24.8	6.0	0.0
7.671	592.6	-----	32.72	23.24	30.2	6.0	30.2	15.2	-15.0	0.11	0.00	1.36	2.64	1:1.94	25.6	6.0	0.0
7.705	591.3	-----	32.66	23.34	30.2	5.9	30.2	15.2	-15.1	0.11	0.00	1.35	2.63	1:1.95	25.0	5.9	0.0
7.674	592.6	-----	32.66	23.23	30.2	5.9	30.1	15.2	-15.0	0.11	0.01	1.36	2.64	1:1.94	26.1	5.9	0.0
7.688	591.8	-----	32.66	23.39	30.2	5.9	30.2	15.2	-15.0	0.11	0.01	1.35	2.64	1:1.96	26.0	5.9	0.0
7.696	593.1	-----	32.66	23.32	30.2	6.0	30.2	15.2	-15.0	0.11	0.00	1.35	2.64	1:1.96	25.0	6.0	0.0
7.696	592.7	-----	32.66	23.37	30.2	6.0	30.2	15.2	-15.0	0.11	0.00	1.36	2.63	1:1.93	25.1	6.0	0.0
7.681	592.2	-----	32.66	23.30	30.2	6.0	30.2	15.2	-15.0	0.11	0.01	1.36	2.64	1:1.94	25.8	6.0	0.0
7.703	593.7	-----	32.41	23.30	30.2	6.0	30.2	15.2	-15.0	0.11	0.00	1.35	2.64	1:1.96	25.0	6.0	0.0
7.666	594.1	-----	32.38	23.30	30.2	5.9	30.2	15.2	-15.0	0.12	0.00	1.36	2.64	1:1.94	25.7	5.9	0.0
7.711	593.7	-----	32.63	23.23	30.2	6.0	30.2	15.2	-15.0	0.10	0.00	1.35	2.64	1:1.96	25.0	6.0	0.0
7.690	593.6	-----	32.56	23.57	30.2	6.0	30.2	15.2	-15.0	0.10	0.00	1.36	2.64	1:1.94	25.3	6.0	0.0
7.676	592.5	-----	32.50	23.28	30.2	5.9	30.2	15.2	-15.1	0.11	0.00	1.35	2.63	1:1.95	25.0	5.9	0.0
7.703	591.2	-----	32.56	23.39	30.2	6.0	30.2	15.2	-15.0	0.11	0.00	1.36	2.63	1:1.93	24.9	6.0	0.0
