Minute Volume (lpm)	Tidal Volume (ml)	Base Flow (lpm)	PIF (lpm)	PEF (lpm)	PIP (cmH2O)	PEEP (cmH2O)	IPP (cmH2O)	MAP (cmH2O)	Breath Rate	In. Hold (sec)	Ex. Hold (sec)	In. Time (sec)	Ex. Time (sec)	I:E Ratio	Compliance (ml/cmH2O)	Min Airway Press	Assist Press	Time
3.891	316.9	-----	28.26	16.06	30.4	15.0	30.4	22.9	-15.0	1.23	0.00	2.01	1.98	1.02:1	21.1	15.0	0.0	14:58:57
3.879	314.9	-----	28.01	15.85	30.4	14.9	30.4	22.9	-15.0	1.23	0.00	2.02	1.98	1.02:1	22.3	14.9	0.0
3.866	313.4	-----	28.32	15.96	30.4	15.0	30.4	22.9	-15.0	1.23	0.00	2.01	1.98	1.02:1	21.7	15.0	0.0
3.852	312.2	-----	28.04	15.93	30.4	14.9	30.4	22.9	-15.0	1.24	0.00	2.02	1.97	1.03:1	20.9	14.9	0.0
3.843	311.0	-----	28.10	15.90	30.4	15.0	30.4	23.0	-15.0	1.24	0.00	2.02	1.97	1.03:1	22.0	15.0	0.0
3.814	310.7	-----	28.12	15.86	30.4	15.0	30.4	22.9	-15.0	1.24	0.00	2.01	1.99	1.01:1	22.0	15.0	0.0
3.804	309.4	-----	28.12	15.80	30.4	15.0	30.4	22.9	-15.0	1.24	0.00	2.01	1.99	1.01:1	21.9	15.0	0.0
3.808	303.8	-----	28.21	15.93	30.4	15.0	30.4	23.0	-15.1	1.24	0.01	2.01	1.97	1.02:1	21.5	15.0	0.0
3.756	305.3	-----	28.04	15.80	30.4	15.0	30.4	22.9	-15.0	1.25	0.01	2.01	1.99	1.01:1	21.5	15.0	0.0
3.762	303.8	-----	28.15	15.90	30.4	15.0	30.4	22.9	-15.1	1.25	0.00	2.01	1.97	1.02:1	20.8	15.0	0.0
3.739	304.1	-----	28.21	15.82	30.4	15.1	30.4	22.9	-15.0	1.26	0.00	2.02	1.98	1.02:1	21.1	15.1	0.0
3.691	303.0	-----	27.92	15.76	30.4	15.0	30.4	22.9	-15.0	1.26	0.00	2.01	1.98	1.02:1	20.4	15.0	0.0
3.708	301.3	-----	28.10	15.65	30.4	15.1	30.4	23.0	-15.0	1.26	0.00	2.02	1.98	1.02:1	20.4	15.1	0.0
3.685	299.3	-----	28.04	15.68	30.4	15.0	30.4	22.9	-15.0	1.27	0.01	2.02	1.98	1.02:1	21.2	15.0	0.0
3.666	300.0	-----	28.15	15.62	30.4	15.1	30.4	23.0	-15.0	1.26	0.00	2.00	1.99	1.01:1	21.2	15.1	0.0
3.673	297.8	-----	28.04	15.70	30.4	15.0	30.4	23.0	-15.0	1.27	0.00	2.01	1.98	1.02:1	20.8	15.0	0.0
3.664	297.9	-----	28.10	15.68	30.4	15.0	30.4	22.9	-15.0	1.27	0.00	2.02	1.98	1.02:1	20.9	15.0	0.0
3.636	296.3	-----	28.07	15.73	30.4	15.0	30.4	23.0	-15.0	1.27	0.01	2.01	1.98	1.02:1	21.0	15.0	0.0
3.649	295.6	-----	28.24	15.62	30.4	15.0	30.4	23.0	-15.0	1.27	0.00	2.01	1.98	1.02:1	19.8	15.0	0.0
3.634	295.5	-----	28.21	15.80	30.5	15.0	30.5	22.9	-15.0	1.27	0.00	2.02	1.98	1.02:1	19.8	15.0	0.0
3.627	294.4	-----	28.18	15.72	30.4	15.0	30.4	22.9	-15.0	1.27	0.00	2.02	1.98	1.02:1	20.0	15.0	0.0
3.568	294.0	-----	28.10	15.58	30.5	15.0	30.5	22.9	-15.0	1.27	0.01	2.01	1.99	1.01:1	20.5	15.0	0.0
