Minute Volume (lpm)	Tidal Volume (ml)	Base Flow (lpm)	PIF (lpm)	PEF (lpm)	PIP (cmH2O)	PEEP (cmH2O)	IPP (cmH2O)	MAP (cmH2O)	Breath Rate	In. Hold (sec)	Ex. Hold (sec)	In. Time (sec)	Ex. Time (sec)	I:E Ratio	Compliance (ml/cmH2O)	Min Airway Press	Assist Press	Time
5.574	491.2	-----	22.64	20.83	24.9	9.6	24.9	17.9	-15.1	0.65	0.00	1.99	1.99	1:1.00	33.8	9.6	0.0	15:09:10
5.586	489.9	-----	22.64	20.83	24.9	9.6	24.9	17.9	-15.0	0.66	0.00	2.01	1.99	1.01:1	33.7	9.6	0.0
5.547	489.4	-----	22.83	20.75	24.9	9.6	24.9	17.9	-15.0	0.66	0.00	2.00	2.00	1:1.00	36.5	9.6	0.0
5.556	488.4	-----	22.91	20.70	24.9	9.6	24.9	17.9	-15.0	0.67	0.00	2.00	2.00	1:1.00	36.4	9.6	0.0
5.560	486.3	-----	22.64	20.44	24.9	9.6	24.9	17.9	-15.0	0.67	0.00	2.00	1.99	1.01:1	34.9	9.6	0.0
5.530	487.2	-----	22.78	20.44	24.9	9.6	24.9	17.9	-15.0	0.68	0.00	2.00	2.00	1:1.00	35.3	9.6	0.0
5.518	486.3	-----	22.80	20.49	24.8	9.6	24.8	17.9	-15.0	0.68	0.00	2.00	2.00	1:1.00	35.7	9.6	0.0
5.503	485.7	-----	22.72	20.41	24.8	9.6	24.8	17.9	-15.0	0.69	0.00	2.00	2.00	1:1.00	35.9	9.6	0.0
5.485	485.1	-----	22.75	20.28	24.9	9.6	24.9	17.9	-15.0	0.69	0.00	1.99	2.00	1:1.01	34.1	9.6	0.0
5.476	484.5	-----	22.64	20.36	24.9	9.6	24.9	17.9	-15.0	0.69	0.01	1.99	2.01	1:1.01	35.8	9.6	0.0
5.481	482.9	-----	22.89	20.18	24.8	9.7	24.8	17.9	-15.0	0.70	0.00	1.99	2.00	1:1.01	36.0	9.7	0.0
5.491	479.7	-----	23.00	20.18	24.9	9.6	24.9	17.9	-15.1	0.71	0.00	2.00	1.98	1.01:1	33.0	9.6	0.0
5.452	481.2	-----	22.89	20.18	24.9	9.6	24.9	17.9	-15.0	0.70	0.00	2.00	2.00	1:1.00	33.4	9.6	0.0
5.410	481.1	-----	22.78	20.04	24.8	9.6	24.8	17.9	-15.0	0.71	0.00	1.99	2.01	1:1.01	35.9	9.6	0.0
5.430	480.3	-----	22.86	19.91	24.9	9.6	24.9	17.9	-15.0	0.71	0.00	1.99	2.01	1:1.01	35.5	9.6	0.0
5.418	479.4	-----	22.78	20.10	24.9	9.6	24.9	17.9	-15.0	0.71	0.00	1.99	2.01	1:1.01	35.7	9.6	0.0
5.407	478.5	-----	22.75	19.83	24.8	9.6	24.8	17.9	-15.0	0.73	0.00	2.00	2.00	1:1.00	35.9	9.6	0.0
5.401	477.7	-----	22.72	19.83	24.8	9.6	24.8	17.9	-15.0	0.73	0.01	2.00	2.00	1:1.00	36.1	9.6	0.0
5.407	477.1	-----	22.80	19.99	24.9	9.6	24.9	17.9	-15.0	0.73	0.00	2.00	1.99	1.01:1	35.3	9.6	0.0
