Minute Volume (lpm)	Tidal Volume (ml)	Base Flow (lpm)	PIF (lpm)	PEF (lpm)	PIP (cmH2O)	PEEP (cmH2O)	IPP (cmH2O)	MAP (cmH2O)	Breath Rate	In. Hold (sec)	Ex. Hold (sec)	In. Time (sec)	Ex. Time (sec)	I:E Ratio	Compliance (ml/cmH2O)	Min Airway Press	Assist Press	Time
7.040	615.4	-----	29.10	22.73	29.8	7.0	29.8	15.8	-15.0	0.02	0.00	1.34	2.65	1:1.98	27.8	7.0	0.0	15:11:33
7.022	615.6	-----	28.89	22.62	29.8	7.0	29.8	15.8	-15.0	0.02	0.00	1.34	2.65	1:1.98	28.1	7.0	0.0
7.058	615.3	-----	29.10	22.84	29.8	7.0	29.8	15.7	-15.0	0.02	0.00	1.34	2.65	1:1.98	28.3	7.0	0.0
7.036	615.6	-----	29.10	22.69	29.8	7.0	29.8	15.8	-15.0	0.03	0.00	1.35	2.65	1:1.96	29.3	7.0	0.0
7.034	614.7	-----	29.07	22.62	29.8	6.9	29.8	15.8	-15.1	0.02	0.00	1.33	2.65	1:1.99	28.7	6.9	0.0
6.991	615.8	-----	29.17	22.70	29.8	7.0	29.8	15.8	-15.1	0.02	0.00	1.33	2.65	1:1.99	27.9	7.0	0.0
7.063	614.4	-----	28.95	22.69	29.9	6.9	29.8	15.8	-15.0	0.03	0.00	1.35	2.64	1:1.96	27.9	6.9	0.0
7.056	614.7	-----	28.89	22.79	29.8	6.9	29.8	15.8	-15.1	0.01	0.00	1.33	2.65	1:1.99	29.1	6.9	0.0
7.064	615.0	-----	29.13	22.81	29.8	6.9	29.8	15.8	-15.0	0.02	0.00	1.34	2.65	1:1.98	27.7	6.9	0.0
7.022	615.9	-----	28.96	22.55	29.9	6.9	29.8	15.7	-15.0	0.02	0.00	1.34	2.65	1:1.98	27.8	6.9	0.0
