Minute Volume (lpm)	Tidal Volume (ml)	Base Flow (lpm)	PIF (lpm)	PEF (lpm)	PIP (cmH2O)	PEEP (cmH2O)	IPP (cmH2O)	MAP (cmH2O)	Breath Rate	In. Hold (sec)	Ex. Hold (sec)	In. Time (sec)	Ex. Time (sec)	I:E Ratio	Compliance (ml/cmH2O)	Min Airway Press	Assist Press	Time
3.735	357.2	-----	24.61	18.07	30.1	14.8	30.1	22.7	-15.0	1.11	0.00	2.01	1.99	1.01:1	26.2	14.8	0.0	15:13:10
3.766	360.2	-----	24.84	18.19	30.1	14.8	30.1	22.6	-15.0	1.10	0.00	2.00	1.99	1.01:1	26.1	14.8	0.0
3.824	358.1	-----	25.13	18.22	30.1	14.8	30.1	22.6	-15.0	1.10	0.00	2.01	1.98	1.02:1	25.0	14.8	0.0
3.820	357.8	-----	24.87	18.51	30.2	14.8	30.2	22.6	-15.0	1.09	0.00	2.01	1.99	1.01:1	25.1	14.8	0.0
3.800	355.6	-----	24.89	18.23	30.1	14.8	30.1	22.6	-15.0	1.10	0.00	2.01	1.98	1.02:1	25.9	14.8	0.0
3.778	355.3	-----	24.92	18.16	30.2	14.8	30.2	22.6	-15.0	1.10	0.00	2.00	2.00	1:1.00	25.9	14.8	0.0
3.770	350.1	-----	24.95	18.32	30.1	14.8	30.1	22.6	-15.1	1.10	0.01	2.00	1.98	1.01:1	25.9	14.8	0.0
3.761	350.2	-----	24.92	18.19	30.1	14.8	30.1	22.6	-15.1	1.10	0.00	2.00	1.98	1.01:1	24.4	14.8	0.0
3.729	351.4	-----	25.01	18.22	30.1	14.8	30.1	22.6	-15.0	1.11	0.00	2.01	1.99	1.01:1	24.9	14.8	0.0
3.714	350.2	-----	24.92	18.02	30.2	14.8	30.2	22.6	-15.0	1.11	0.00	2.01	1.99	1.01:1	25.0	14.8	0.0
3.705	348.3	-----	24.95	18.09	30.2	14.8	30.2	22.6	-15.0	1.12	0.00	2.01	1.98	1.02:1	24.0	14.8	0.0
3.699	348.1	-----	24.92	18.15	30.2	14.8	30.2	22.6	-15.0	1.11	0.00	2.01	1.99	1.01:1	24.0	14.8	0.0
3.678	346.9	-----	24.92	18.13	30.1	14.8	30.1	22.6	-15.0	1.12	0.00	2.01	1.99	1.01:1	24.6	14.8	0.0
3.661	346.0	-----	24.84	18.02	30.2	14.8	30.2	22.6	-15.0	1.12	0.00	2.01	1.99	1.01:1	24.5	14.8	0.0
3.649	345.3	-----	24.80	18.06	30.2	14.8	30.2	22.6	-15.0	1.12	0.00	2.01	1.99	1.01:1	24.8	14.8	0.0
3.630	344.3	-----	25.21	17.97	30.1	14.8	30.1	22.6	-15.0	1.13	0.00	2.01	1.99	1.01:1	25.1	14.8	0.0
3.640	341.0	-----	24.95	18.06	30.1	14.8	30.1	22.6	-15.1	1.13	0.00	2.01	1.97	1.02:1	23.5	14.8	0.0
3.600	341.9	-----	24.92	18.07	30.2	14.8	30.2	22.6	-15.0	1.11	0.00	2.00	1.99	1.01:1	24.0	14.8	0.0
3.616	340.2	-----	25.02	18.07	30.1	14.8	30.1	22.6	-15.0	1.13	0.00	2.01	1.98	1.02:1	23.4	14.8	0.0
3.594	340.7	-----	25.18	18.06	30.2	14.8	30.2	22.6	-15.0	1.13	0.00	2.01	1.99	1.01:1	23.4	14.8	0.0
3.589	339.6	-----	24.92	17.98	30.2	14.8	30.2	22.6	-15.0	1.13	0.00	2.01	1.99	1.01:1	23.4	14.8	0.0
3.583	337.9	-----	24.92	18.07	30.2	14.8	30.2	22.6	-15.0	1.14	0.00	2.01	1.98	1.02:1	23.1	14.8	0.0
3.568	338.7	-----	24.87	18.19	30.2	14.8	30.2	22.6	-15.0	1.13	0.00	2.01	1.99	1.01:1	23.1	14.8	0.0
3.564	338.3	-----	24.77	18.10	30.2	14.8	30.2	22.6	-15.0	1.13	0.00	2.01	1.99	1.01:1	23.1	14.8	0.0
3.556	337.1	-----	24.87	18.10	30.2	14.8	30.2	22.6	-15.0	1.14	0.00	2.01	1.99	1.01:1	23.2	14.8	0.0
3.541	336.4	-----	24.92	17.82	30.2	14.8	30.2	22.6	-15.0	1.14	0.00	2.01	1.99	1.01:1	23.3	14.8	0.0
3.546	336.2	-----	24.71	18.10	30.3	14.8	30.3	22.6	-15.0	1.13	0.00	2.01	1.99	1.01:1	23.3	14.8	0.0
3.508	334.4	-----	24.95	18.07	30.2	14.8	30.2	22.6	-15.0	1.14	0.00	2.00	1.99	1.01:1	22.9	14.8	0.0
3.505	334.7	-----	24.89	18.00	30.3	14.8	30.3	22.6	-15.0	1.13	0.00	2.00	1.99	1.01:1	23.7	14.8	0.0
3.491	333.5	-----	25.13	18.09	30.1	14.8	30.1	22.6	-15.0	1.14	0.00	2.00	1.99	1.01:1	23.1	14.8	0.0
3.469	332.4	-----	24.87	18.06	30.1	14.9	30.1	22.6	-15.0	1.15	0.01	2.00	2.00	1:1.00	24.6	14.9	0.0
3.460	331.6	-----	24.95	17.98	30.2	14.9	30.2	22.6	-15.0	1.15	0.00	2.00	1.99	1.01:1	24.2	14.9	0.0
3.485	330.8	-----	24.71	17.98	30.1	14.9	30.1	22.6	-15.0	1.15	0.00	2.00	1.99	1.01:1	23.7	14.9	0.0
3.484	328.6	-----	24.92	17.88	30.2	14.8	30.2	22.6	-15.0	1.15	0.00	2.01	1.98	1.02:1	24.1	14.8	0.0
3.473	330.0	-----	25.01	17.95	30.1	14.8	30.1	22.6	-15.0	1.15	0.00	2.00	1.99	1.01:1	24.0	14.8	0.0
3.461	329.7	-----	24.92	17.98	30.1	14.8	30.1	22.6	-15.0	1.15	0.01	2.00	1.99	1.01:1	24.4	14.8	0.0
3.454	325.4	-----	24.80	17.97	30.1	14.9	30.1	22.7	-15.2	1.16	0.01	2.00	1.96	1.02:1	24.1	14.9	0.0
3.441	328.3	-----	24.84	17.94	30.1	14.8	30.1	22.6	-15.1	1.16	0.00	2.00	1.98	1.01:1	23.1	14.8	0.0
3.460	328.4	-----	24.70	17.87	30.2	14.9	30.2	22.6	-15.0	1.15	0.00	2.01	1.99	1.01:1	23.2	14.9	0.0
3.409	326.4	-----	24.58	17.85	30.3	14.8	30.3	22.6	-15.0	1.15	0.00	2.00	1.99	1.01:1	23.8	14.8	0.0
3.432	327.4	-----	24.92	18.02	30.1	14.8	30.1	22.6	-15.0	1.16	0.01	2.00	2.00	1:1.00	24.2	14.8	0.0
3.437	326.7	-----	24.92	17.91	30.2	14.9	30.2	22.6	-15.0	1.15	0.00	2.00	1.99	1.01:1	23.6	14.9	0.0
3.423	326.4	-----	24.98	17.82	30.1	14.8	30.1	22.6	-15.0	1.17	0.00	2.01	1.99	1.01:1	24.0	14.8	0.0
3.411	326.4	-----	24.77	17.76	30.1	14.9	30.1	22.6	-15.0	1.16	0.00	2.00	2.00	1:1.00	24.1	14.9	0.0
