Minute Volume (lpm)	Tidal Volume (ml)	Base Flow (lpm)	PIF (lpm)	PEF (lpm)	PIP (cmH2O)	PEEP (cmH2O)	IPP (cmH2O)	MAP (cmH2O)	Breath Rate	In. Hold (sec)	Ex. Hold (sec)	In. Time (sec)	Ex. Time (sec)	I:E Ratio	Compliance (ml/cmH2O)	Min Airway Press	Assist Press	Time
3.346	321.0	-----	24.25	17.26	30.2	14.9	30.2	22.6	-15.0	1.18	0.00	2.02	1.98	1.02:1	23.2	14.9	0.0	15:17:05
3.350	319.7	-----	24.31	17.22	30.2	14.9	30.2	22.6	-15.0	1.17	0.00	2.01	1.98	1.02:1	22.2	14.9	0.0
3.348	319.0	-----	24.23	17.24	30.1	14.9	30.1	22.7	-15.0	1.18	0.00	2.02	1.97	1.03:1	23.4	14.9	0.0
3.331	319.5	-----	24.28	17.29	30.3	14.9	30.3	22.6	-15.0	1.17	0.01	2.01	1.99	1.01:1	23.3	14.9	0.0
3.333	319.2	-----	24.46	17.46	30.1	14.9	30.1	22.7	-15.0	1.18	0.00	2.01	1.98	1.02:1	23.2	14.9	0.0
3.300	318.6	-----	24.43	17.08	30.2	14.9	30.2	22.7	-15.0	1.18	0.00	2.01	1.98	1.02:1	22.1	14.9	0.0
3.313	318.5	-----	24.20	17.17	30.1	14.9	30.1	22.6	-15.0	1.18	0.00	2.02	1.98	1.02:1	22.5	14.9	0.0
3.314	317.1	-----	24.17	17.31	30.1	14.9	30.1	22.7	-15.0	1.19	0.00	2.02	1.97	1.03:1	21.7	14.9	0.0
3.307	317.6	-----	24.17	17.29	30.1	14.9	30.1	22.6	-15.0	1.19	0.00	2.02	1.98	1.02:1	21.9	14.9	0.0
3.307	317.4	-----	24.40	17.22	30.1	14.9	30.1	22.6	-15.0	1.19	0.00	2.02	1.98	1.02:1	22.3	14.9	0.0
3.296	315.7	-----	24.25	17.16	30.0	14.9	30.0	22.7	-15.0	1.20	0.00	2.02	1.97	1.03:1	21.7	14.9	0.0
3.265	315.2	-----	24.17	17.20	30.1	14.9	30.1	22.7	-15.1	1.19	0.00	2.01	1.97	1.02:1	21.5	14.9	0.0
3.286	316.6	-----	24.20	17.14	30.0	14.9	30.0	22.6	-15.0	1.20	0.00	2.02	1.98	1.02:1	22.1	14.9	0.0
3.285	316.2	-----	24.20	17.17	30.1	14.9	30.1	22.6	-15.0	1.19	0.00	2.01	1.98	1.02:1	21.5	14.9	0.0
3.273	315.6	-----	24.17	17.29	30.0	14.9	30.0	22.6	-15.0	1.19	0.00	2.01	1.99	1.01:1	23.5	14.9	0.0
3.265	315.5	-----	24.17	17.08	30.0	14.9	30.0	22.6	-15.0	1.19	0.01	2.01	1.99	1.01:1	23.3	14.9	0.0
3.276	315.2	-----	24.20	17.17	30.1	14.8	30.1	22.7	-15.0	1.19	0.00	2.01	1.98	1.02:1	21.7	14.8	0.0
3.264	314.3	-----	24.17	17.08	30.2	14.9	30.2	22.6	-15.0	1.19	0.00	2.02	1.97	1.03:1	21.8	14.9	0.0
3.268	314.8	-----	24.31	17.14	30.1	14.9	30.1	22.6	-15.0	1.20	0.00	2.02	1.98	1.02:1	22.4	14.9	0.0
