Minute Volume (lpm)	Tidal Volume (ml)	Base Flow (lpm)	PIF (lpm)	PEF (lpm)	PIP (cmH2O)	PEEP (cmH2O)	IPP (cmH2O)	MAP (cmH2O)	Breath Rate	In. Hold (sec)	Ex. Hold (sec)	In. Time (sec)	Ex. Time (sec)	I:E Ratio	Compliance (ml/cmH2O)	Min Airway Press	Assist Press	Time
1.180	65.1	-----	8.02	6.35	8.2	6.0	8.2	6.3	-15.0	0.55	1.69	1.39	2.60	1:1.87	19.1	4.4	1.6	14:11:29
1.163	62.4	-----	7.87	6.17	8.3	6.1	8.3	6.3	-15.0	0.54	1.71	1.39	2.60	1:1.87	18.3	4.6	1.5
1.118	60.6	-----	7.65	5.77	8.3	4.7	8.3	6.4	-15.1	0.55	1.71	1.38	2.59	1:1.88	17.8	4.7	0.0
1.099	59.3	-----	7.56	5.63	8.2	4.7	8.2	6.4	-15.0	0.58	1.72	1.40	2.59	1:1.85	17.9	4.7	0.0
1.092	60.2	-----	7.56	5.54	8.2	4.7	8.2	6.4	-15.0	0.58	1.71	1.40	2.60	1:1.86	18.2	4.7	0.0
1.124	62.6	-----	7.62	5.87	8.4	4.7	8.3	6.4	-15.1	0.52	1.70	1.38	2.60	1:1.88	18.9	4.7	0.0
1.114	62.6	-----	7.62	5.88	8.3	4.7	8.3	6.4	-15.0	0.53	1.71	1.38	2.61	1:1.89	18.4	4.7	0.0
1.138	62.2	-----	7.53	5.84	8.3	6.1	8.3	6.4	-15.1	0.51	1.70	1.38	2.60	1:1.88	18.2	4.7	1.4
1.129	61.5	-----	7.56	5.79	8.3	4.7	8.3	6.4	-15.0	0.52	1.71	1.39	2.60	1:1.87	18.0	4.7	0.0
1.080	59.2	-----	7.65	5.62	8.1	4.7	8.1	6.4	-15.0	0.58	1.74	1.39	2.61	1:1.88	18.5	4.7	0.0
1.082	59.6	-----	7.65	5.61	8.2	4.7	8.1	6.4	-15.0	0.58	1.73	1.39	2.60	1:1.87	18.6	4.7	0.0
1.109	60.1	-----	7.50	5.68	8.3	4.7	8.3	6.4	-15.1	0.54	1.71	1.38	2.59	1:1.88	17.6	4.7	0.0
1.106	61.1	-----	7.56	5.73	8.3	4.7	8.3	6.4	-15.0	0.55	1.71	1.39	2.60	1:1.87	17.9	4.7	0.0
1.111	61.1	-----	7.65	5.72	8.3	4.7	8.3	6.4	-15.0	0.54	1.71	1.39	2.60	1:1.87	17.9	4.7	0.0
1.108	60.3	-----	7.47	5.68	8.3	4.7	8.3	6.4	-15.1	0.55	1.71	1.39	2.59	1:1.86	17.7	4.7	0.0
1.093	59.3	-----	7.50	5.61	8.2	4.7	8.2	6.4	-15.0	0.58	1.72	1.40	2.59	1:1.85	17.4	4.7	0.0
1.085	58.6	-----	7.68	5.57	8.2	4.7	8.2	6.4	-15.1	0.58	1.73	1.39	2.59	1:1.86	17.7	4.7	0.0
