Minute Volume (lpm)	Tidal Volume (ml)	Base Flow (lpm)	PIF (lpm)	PEF (lpm)	PIP (cmH2O)	PEEP (cmH2O)	IPP (cmH2O)	MAP (cmH2O)	Breath Rate	In. Hold (sec)	Ex. Hold (sec)	In. Time (sec)	Ex. Time (sec)	I:E Ratio	Compliance (ml/cmH2O)	Min Airway Press	Assist Press	Time
2.281	70.2	-----	6.61	7.31	10.5	6.9	10.5	7.1	-15.0	0.10	1.33	1.66	2.34	1:1.41	12.1	4.7	2.2	14:13:43
2.293	69.4	-----	6.59	7.20	10.4	6.8	10.4	7.0	-15.0	0.10	1.34	1.66	2.33	1:1.40	12.1	4.5	2.3
2.297	69.9	-----	6.56	7.17	10.3	6.7	10.3	7.0	-15.0	0.10	1.34	1.66	2.33	1:1.40	12.2	4.5	2.2
2.299	68.2	-----	6.67	7.17	10.3	6.6	10.3	6.9	-15.0	0.11	1.35	1.67	2.32	1:1.39	12.1	4.5	2.1
2.297	69.0	-----	6.59	7.13	10.3	6.6	10.2	6.9	-15.0	0.10	1.35	1.66	2.33	1:1.40	12.3	4.4	2.2
2.294	68.8	-----	6.61	7.02	10.3	6.6	10.3	6.9	-15.0	0.10	1.35	1.66	2.33	1:1.40	12.0	4.5	2.1
2.294	68.8	-----	6.61	6.94	10.3	6.6	10.3	6.9	-15.0	0.11	1.34	1.67	2.32	1:1.39	12.2	4.4	2.2
2.295	69.2	-----	6.59	6.87	10.3	6.5	10.2	6.9	-15.1	0.10	1.33	1.66	2.32	1:1.40	12.3	4.4	2.1
2.299	68.3	-----	6.66	6.94	10.3	6.6	10.2	6.9	-15.0	0.10	1.34	1.67	2.32	1:1.39	12.1	4.4	2.2
2.287	68.5	-----	6.61	6.91	10.3	6.6	10.3	6.9	-15.0	0.11	1.34	1.67	2.32	1:1.39	12.0	4.4	2.2
2.282	69.4	-----	6.61	6.87	10.3	6.5	10.3	6.9	-15.1	0.11	1.32	1.66	2.32	1:1.40	12.3	4.4	2.1
2.292	68.9	-----	6.62	6.87	10.3	6.6	10.3	6.9	-15.2	0.11	1.31	1.66	2.30	1:1.39	12.0	4.4	2.2
2.287	68.6	-----	6.61	6.83	10.3	6.5	10.3	6.9	-15.0	0.11	1.33	1.67	2.32	1:1.39	12.2	4.4	2.1
2.287	68.6	-----	6.56	6.80	10.3	6.5	10.3	6.9	-15.0	0.11	1.33	1.67	2.32	1:1.39	12.2	4.5	2.0
2.288	68.7	-----	6.59	6.80	10.3	6.6	10.3	6.9	-15.0	0.11	1.33	1.67	2.32	1:1.39	12.2	4.4	2.2
2.285	68.6	-----	6.53	6.76	10.3	6.6	10.3	6.9	-15.0	0.11	1.33	1.67	2.32	1:1.39	12.2	4.5	2.1
