Minute Volume (lpm)	Tidal Volume (ml)	Base Flow (lpm)	PIF (lpm)	PEF (lpm)	PIP (cmH2O)	PEEP (cmH2O)	IPP (cmH2O)	MAP (cmH2O)	Breath Rate	In. Hold (sec)	Ex. Hold (sec)	In. Time (sec)	Ex. Time (sec)	I:E Ratio	Compliance (ml/cmH2O)	Min Airway Press	Assist Press	Time
1.798	13.7	-----	8.04	4.07	9.4	6.4	9.4	6.6	-15.0	0.40	2.24	1.52	2.48	1:1.63	2.9	4.6	1.8	14:17:28
1.792	13.6	-----	7.92	4.01	9.3	6.4	9.3	6.6	-15.0	0.40	2.24	1.51	2.48	1:1.64	2.9	4.6	1.8
1.790	13.7	-----	8.01	4.06	9.3	6.3	9.2	6.6	-15.1	0.39	2.23	1.51	2.47	1:1.64	3.0	4.6	1.7
1.788	13.6	-----	7.98	4.04	9.2	6.3	9.2	6.5	-15.0	0.41	2.25	1.51	2.49	1:1.65	3.0	4.5	1.8
1.786	13.3	-----	8.07	4.10	9.2	6.3	9.2	6.5	-15.0	0.41	2.25	1.51	2.48	1:1.64	2.9	4.5	1.8
1.783	13.8	-----	7.98	4.09	9.3	6.3	9.2	6.6	-15.0	0.41	2.24	1.51	2.48	1:1.64	3.0	4.5	1.8
1.786	13.9	-----	7.98	4.11	9.3	6.3	9.2	6.6	-15.0	0.40	2.25	1.51	2.49	1:1.65	3.0	4.5	1.8
1.789	13.3	-----	7.98	4.09	9.2	6.3	9.2	6.6	-15.0	0.41	2.25	1.51	2.48	1:1.64	2.9	4.5	1.8
1.781	13.9	-----	7.92	4.11	9.2	6.3	9.2	6.5	-15.0	0.41	2.24	1.51	2.48	1:1.64	3.0	4.5	1.8
1.782	13.8	-----	7.95	4.11	9.2	6.3	9.2	6.5	-15.0	0.41	2.25	1.51	2.49	1:1.65	3.0	4.5	1.8
1.775	13.4	-----	7.98	4.09	9.2	6.3	9.2	6.6	-15.1	0.42	2.24	1.51	2.47	1:1.64	2.9	4.5	1.8
1.771	13.8	-----	8.01	4.08	9.2	6.3	9.2	6.5	-15.0	0.41	2.25	1.50	2.49	1:1.66	3.0	4.5	1.8
1.777	14.4	-----	7.95	4.11	9.2	6.3	9.2	6.5	-15.0	0.39	2.24	1.50	2.49	1:1.66	3.2	4.5	1.8
1.776	14.3	-----	8.01	4.09	9.2	6.3	9.2	6.5	-15.0	0.40	2.25	1.50	2.50	1:1.67	3.1	4.5	1.8
1.775	13.9	-----	7.98	4.13	9.3	6.3	9.2	6.6	-15.0	0.41	2.25	1.50	2.49	1:1.66	3.0	4.5	1.8
