Minute Volume (lpm)	Tidal Volume (ml)	Base Flow (lpm)	PIF (lpm)	PEF (lpm)	PIP (cmH2O)	PEEP (cmH2O)	IPP (cmH2O)	MAP (cmH2O)	Breath Rate	In. Hold (sec)	Ex. Hold (sec)	In. Time (sec)	Ex. Time (sec)	I:E Ratio	Compliance (ml/cmH2O)	Min Airway Press	Assist Press	Time
5.124	406.3	-----	17.52	20.10	20.0	4.8	19.3	10.7	-15.0	0.02	0.21	1.42	2.58	1:1.82	29.0	4.8	0.0	14:19:50
5.172	404.6	-----	17.52	20.29	19.8	4.7	19.1	10.5	-15.0	0.02	0.23	1.42	2.57	1:1.81	28.2	4.7	0.0
5.184	404.8	-----	17.66	20.29	19.8	4.6	19.1	10.4	-15.0	0.02	0.24	1.42	2.58	1:1.82	28.9	4.6	0.0
5.201	401.8	-----	17.72	20.35	19.7	4.5	19.0	10.3	-15.0	0.02	0.25	1.42	2.57	1:1.81	28.9	4.5	0.0
5.200	401.8	-----	17.72	20.40	19.7	4.5	19.0	10.3	-15.0	0.02	0.27	1.42	2.57	1:1.81	28.0	4.5	0.0
5.206	399.9	-----	17.66	20.35	19.7	4.5	19.1	10.3	-15.0	0.02	0.27	1.42	2.57	1:1.81	27.9	4.5	0.0
5.191	402.6	-----	17.75	20.40	19.8	4.5	19.1	10.3	-15.0	0.02	0.27	1.42	2.58	1:1.82	28.7	4.5	0.0
5.209	401.7	-----	17.83	20.37	19.8	4.4	19.0	10.3	-15.0	0.02	0.27	1.42	2.57	1:1.81	28.0	4.4	0.0
5.180	400.8	-----	17.77	20.37	19.7	4.5	19.0	10.3	-15.0	0.02	0.28	1.42	2.57	1:1.81	28.2	4.5	0.0
5.204	402.3	-----	17.67	20.45	19.7	4.6	19.1	10.3	-15.0	0.02	0.26	1.42	2.57	1:1.81	28.5	4.6	0.0
5.163	401.7	-----	17.72	20.43	19.7	4.5	19.0	10.3	-15.1	0.01	0.28	1.40	2.58	1:1.84	28.2	4.5	0.0
5.196	401.8	-----	17.77	20.45	19.8	4.5	19.1	10.3	-15.0	0.02	0.28	1.42	2.58	1:1.82	28.7	4.5	0.0
5.204	402.5	-----	17.61	20.35	19.7	4.5	19.0	10.3	-15.0	0.02	0.26	1.42	2.57	1:1.81	28.1	4.5	0.0
5.183	401.3	-----	17.75	20.40	19.8	4.5	19.0	10.3	-15.0	0.01	0.28	1.41	2.58	1:1.83	28.2	4.5	0.0
5.186	402.2	-----	17.75	20.40	19.8	4.5	19.0	10.3	-15.0	0.01	0.27	1.41	2.58	1:1.83	28.9	4.5	0.0
