Minute Volume (lpm)	Tidal Volume (ml)	Base Flow (lpm)	PIF (lpm)	PEF (lpm)	PIP (cmH2O)	PEEP (cmH2O)	IPP (cmH2O)	MAP (cmH2O)	Breath Rate	In. Hold (sec)	Ex. Hold (sec)	In. Time (sec)	Ex. Time (sec)	I:E Ratio	Compliance (ml/cmH2O)	Min Airway Press	Assist Press	Time
3.539	257.9	-----	13.12	16.42	14.8	7.4	14.6	8.2	-15.1	0.03	0.72	1.40	2.58	1:1.84	25.2	4.2	3.2	14:21:16
3.526	255.9	-----	13.01	16.33	15.1	7.4	14.7	8.3	-15.0	0.03	0.73	1.41	2.58	1:1.83	25.3	4.3	3.1
3.486	256.0	-----	12.96	16.24	15.1	7.5	14.8	8.4	-15.0	0.03	0.72	1.41	2.59	1:1.84	25.6	4.4	3.1
3.473	255.5	-----	12.87	16.05	15.1	7.6	14.8	8.5	-15.0	0.02	0.71	1.40	2.59	1:1.85	25.8	4.5	3.1
3.474	254.4	-----	12.96	16.05	15.1	7.6	14.8	8.5	-15.1	0.02	0.71	1.40	2.58	1:1.84	25.6	4.5	3.1
3.473	253.4	-----	12.87	16.05	15.1	7.6	14.9	8.5	-15.1	0.03	0.71	1.40	2.57	1:1.84	25.0	4.6	3.0
3.458	254.5	-----	12.81	16.08	15.1	7.6	14.9	8.5	-15.0	0.03	0.71	1.41	2.58	1:1.83	25.1	4.5	3.1
3.604	234.1	-----	13.28	15.60	15.1	7.6	14.8	8.5	-15.1	0.02	0.84	1.40	2.57	1:1.84	23.4	4.5	3.1
3.586	235.9	-----	13.28	15.69	15.1	7.7	14.9	8.5	-15.0	0.03	0.85	1.41	2.59	1:1.84	23.5	4.5	3.2
3.591	234.3	-----	13.28	15.60	15.1	7.7	14.9	8.5	-15.0	0.03	0.87	1.41	2.59	1:1.84	23.4	4.6	3.1
3.586	235.3	-----	13.19	15.63	15.1	7.7	15.0	8.5	-15.0	0.03	0.85	1.40	2.59	1:1.85	23.2	4.5	3.2
3.587	235.4	-----	13.21	15.63	15.1	7.7	15.0	8.5	-15.0	0.03	0.85	1.40	2.59	1:1.85	23.0	4.5	3.2
