Minute Volume (lpm)	Tidal Volume (ml)	Base Flow (lpm)	PIF (lpm)	PEF (lpm)	PIP (cmH2O)	PEEP (cmH2O)	IPP (cmH2O)	MAP (cmH2O)	Breath Rate	In. Hold (sec)	Ex. Hold (sec)	In. Time (sec)	Ex. Time (sec)	I:E Ratio	Compliance (ml/cmH2O)	Min Airway Press	Assist Press	Time
4.419	314.8	-----	21.60	16.78	19.2	8.0	17.6	9.4	-15.0	0.02	0.94	0.98	3.01	1:3.07	25.3	4.7	3.3	14:23:41
4.451	314.9	-----	21.76	17.02	19.2	8.0	17.6	9.4	-15.0	0.02	0.93	0.98	3.01	1:3.07	25.1	4.6	3.4
4.377	313.2	-----	21.71	16.84	19.0	7.9	17.5	9.3	-15.1	0.02	0.95	0.96	3.02	1:3.15	25.2	4.6	3.3
4.444	312.0	-----	21.76	16.78	19.1	7.8	17.6	9.3	-15.1	0.03	0.94	0.98	2.99	1:3.05	24.3	4.6	3.2
4.428	314.6	-----	21.84	16.81	19.1	7.8	17.6	9.3	-15.0	0.02	0.93	0.98	3.01	1:3.07	24.5	4.6	3.2
4.431	312.5	-----	21.63	16.69	19.0	7.8	17.5	9.3	-15.0	0.02	0.94	0.98	3.01	1:3.07	24.6	4.6	3.2
4.439	311.8	-----	21.71	16.84	19.0	7.9	17.5	9.3	-15.0	0.02	0.95	0.98	3.01	1:3.07	24.5	4.6	3.3
4.377	310.9	-----	21.63	16.69	19.0	7.8	17.4	9.3	-15.1	0.02	0.96	0.96	3.02	1:3.15	24.6	4.6	3.2
4.411	310.8	-----	21.74	16.90	19.0	7.8	17.4	9.3	-15.0	0.02	0.96	0.98	3.02	1:3.08	25.0	4.6	3.2
4.447	312.2	-----	21.71	16.87	19.0	7.9	17.5	9.3	-15.1	0.02	0.94	0.98	3.00	1:3.06	24.5	4.6	3.3
