Minute Volume (lpm)	Tidal Volume (ml)	Base Flow (lpm)	PIF (lpm)	PEF (lpm)	PIP (cmH2O)	PEEP (cmH2O)	IPP (cmH2O)	MAP (cmH2O)	Breath Rate	In. Hold (sec)	Ex. Hold (sec)	In. Time (sec)	Ex. Time (sec)	I:E Ratio	Compliance (ml/cmH2O)	Min Airway Press	Assist Press	Time
10.503	734.1	-----	43.62	39.52	29.4	4.7	27.1	13.8	-15.1	0.01	0.35	1.37	2.61	1:1.91	33.2	4.7	0.0	12:03:25
10.540	726.8	-----	43.82	39.32	29.4	4.7	26.8	13.8	-15.1	0.01	0.36	1.38	2.60	1:1.88	34.2	4.7	0.0
10.567	726.7	-----	44.00	39.35	29.4	4.7	26.7	13.8	-15.1	0.00	0.35	1.36	2.61	1:1.92	33.4	4.7	0.0
10.479	736.7	-----	44.11	39.25	29.4	4.7	27.2	13.8	-15.0	0.01	0.36	1.38	2.62	1:1.90	33.9	4.7	0.0
10.517	734.2	-----	44.03	39.26	29.4	4.7	26.7	13.8	-15.0	0.01	0.36	1.38	2.61	1:1.89	34.7	4.7	0.0
10.495	735.7	-----	44.14	39.36	29.4	4.7	26.7	13.8	-15.0	0.00	0.37	1.36	2.64	1:1.94	35.5	4.7	0.0
10.489	735.6	-----	44.17	39.17	29.4	4.7	26.7	13.9	-15.1	0.00	0.36	1.35	2.63	1:1.95	33.7	4.7	0.0
10.451	736.3	-----	44.06	39.30	29.4	4.7	27.7	13.8	-15.0	0.01	0.35	1.37	2.62	1:1.91	32.5	4.7	0.0
10.482	735.4	-----	44.20	39.17	29.4	4.7	27.2	13.8	-15.0	0.01	0.36	1.38	2.62	1:1.90	34.2	4.7	0.0
10.480	735.7	-----	43.85	39.32	29.4	4.7	26.8	13.8	-15.0	0.00	0.37	1.36	2.64	1:1.94	35.5	4.7	0.0
10.555	728.2	-----	43.91	39.20	29.4	4.7	27.5	13.9	-15.1	0.01	0.36	1.37	2.60	1:1.90	32.9	4.7	0.0
10.476	736.0	-----	44.08	39.36	29.4	4.8	27.4	13.8	-15.0	0.01	0.35	1.37	2.62	1:1.91	33.4	4.8	0.0
10.506	731.2	-----	43.85	39.36	29.4	4.7	27.0	13.8	-15.0	0.01	0.37	1.38	2.61	1:1.89	34.0	4.7	0.0
10.501	734.6	-----	44.26	39.22	29.4	4.7	27.3	13.9	-15.1	0.01	0.35	1.37	2.61	1:1.91	34.4	4.7	0.0
