Minute Volume (lpm)	Tidal Volume (ml)	Base Flow (lpm)	PIF (lpm)	PEF (lpm)	PIP (cmH2O)	PEEP (cmH2O)	IPP (cmH2O)	MAP (cmH2O)	Breath Rate	In. Hold (sec)	Ex. Hold (sec)	In. Time (sec)	Ex. Time (sec)	I:E Ratio	Compliance (ml/cmH2O)	Min Airway Press	Assist Press	Time
1.615	96.5	-----	15.22	11.21	9.8	6.4	9.7	6.9	-15.0	0.70	1.72	1.37	2.62	1:1.91	24.1	5.0	1.4	12:05:34
1.694	105.0	-----	15.71	12.34	9.9	6.1	9.9	6.9	-15.0	0.66	1.69	1.36	2.63	1:1.93	22.8	4.8	1.3
1.755	108.0	-----	15.93	12.82	9.9	6.1	9.9	6.9	-15.0	0.63	1.69	1.37	2.63	1:1.92	25.1	4.7	1.4
1.724	106.4	-----	15.88	12.89	9.9	4.8	9.9	6.8	-15.1	0.63	1.70	1.35	2.63	1:1.95	23.6	4.8	0.0
1.740	103.3	-----	16.08	12.46	9.9	6.1	9.9	6.8	-15.0	0.65	1.72	1.37	2.63	1:1.92	24.0	4.8	1.3
1.756	101.7	-----	15.85	12.15	9.9	6.1	9.8	6.9	-15.1	0.64	1.69	1.36	2.61	1:1.92	23.1	4.8	1.3
1.723	105.4	-----	16.02	12.66	9.9	6.1	9.9	6.8	-15.0	0.65	1.70	1.36	2.63	1:1.93	22.9	4.8	1.3
1.766	105.9	-----	15.96	12.83	9.9	4.8	9.9	6.8	-15.1	0.63	1.70	1.36	2.62	1:1.93	23.0	4.8	0.0
1.748	104.7	-----	15.85	12.57	9.9	6.1	9.9	6.9	-15.0	0.64	1.70	1.37	2.62	1:1.91	22.7	4.8	1.3
1.739	103.7	-----	15.93	12.64	9.9	6.0	9.9	6.8	-15.0	0.63	1.72	1.36	2.63	1:1.93	25.2	4.8	1.2
1.733	103.1	-----	16.05	12.32	9.8	6.1	9.8	6.9	-15.1	0.65	1.70	1.36	2.62	1:1.93	22.4	4.8	1.3
1.706	102.8	-----	15.73	12.30	9.9	6.0	9.9	6.9	-15.2	0.63	1.70	1.34	2.62	1:1.96	22.8	4.8	1.2
1.742	107.1	-----	15.62	12.92	9.9	6.0	9.9	6.9	-15.0	0.64	1.69	1.37	2.62	1:1.91	23.2	4.8	1.2
1.715	103.9	-----	15.76	12.39	9.9	6.0	9.9	6.9	-15.1	0.65	1.70	1.36	2.62	1:1.93	22.5	4.8	1.2
