Minute Volume (lpm)	Tidal Volume (ml)	Base Flow (lpm)	PIF (lpm)	PEF (lpm)	PIP (cmH2O)	PEEP (cmH2O)	IPP (cmH2O)	MAP (cmH2O)	Breath Rate	In. Hold (sec)	Ex. Hold (sec)	In. Time (sec)	Ex. Time (sec)	I:E Ratio	Compliance (ml/cmH2O)	Min Airway Press	Assist Press	Time
10.664	739.9	-----	45.35	40.35	29.0	4.7	27.0	13.8	-15.1	0.01	0.35	1.37	2.61	1:1.91	34.7	4.7	0.0	12:07:59
10.652	743.9	-----	45.64	40.44	29.2	4.7	26.4	13.8	-15.0	0.01	0.35	1.38	2.61	1:1.89	36.1	4.7	0.0
10.674	740.5	-----	45.35	40.38	29.1	4.7	26.4	13.9	-15.1	0.00	0.35	1.36	2.62	1:1.93	35.2	4.7	0.0
10.624	743.4	-----	45.35	40.38	29.2	4.7	26.5	13.8	-15.0	0.01	0.37	1.38	2.62	1:1.90	36.0	4.7	0.0
10.641	740.6	-----	45.35	40.38	29.2	4.7	26.6	13.8	-15.1	0.01	0.35	1.37	2.61	1:1.91	35.2	4.7	0.0
10.612	744.7	-----	45.12	40.48	29.1	4.7	26.8	13.8	-15.0	0.01	0.35	1.37	2.62	1:1.91	35.1	4.7	0.0
10.657	742.3	-----	45.70	40.60	29.2	4.7	26.5	13.8	-15.0	0.00	0.35	1.36	2.63	1:1.93	35.8	4.7	0.0
10.654	745.0	-----	45.06	40.51	29.2	4.7	26.5	13.8	-15.0	0.00	0.34	1.36	2.63	1:1.93	34.8	4.7	0.0
10.664	740.6	-----	45.35	40.74	29.4	4.7	26.9	13.8	-15.0	0.01	0.35	1.38	2.61	1:1.89	33.9	4.7	0.0
10.658	743.0	-----	45.64	40.52	29.3	4.7	26.8	13.8	-15.0	0.01	0.35	1.38	2.61	1:1.89	35.7	4.7	0.0
10.654	744.3	-----	45.35	40.58	29.4	4.7	27.3	13.8	-15.0	0.01	0.35	1.37	2.62	1:1.91	34.1	4.7	0.0
10.634	740.7	-----	45.97	40.83	29.4	4.7	27.1	13.8	-15.1	0.01	0.35	1.37	2.61	1:1.91	33.6	4.7	0.0
10.679	743.3	-----	45.91	40.67	29.4	4.7	27.0	13.8	-15.0	0.01	0.40	1.38	2.61	1:1.89	34.0	4.7	0.0
10.690	743.5	-----	45.91	41.17	29.4	4.7	26.9	13.8	-15.0	0.01	0.35	1.38	2.61	1:1.89	34.5	4.7	0.0
