Minute Volume (lpm)	Tidal Volume (ml)	Base Flow (lpm)	PIF (lpm)	PEF (lpm)	PIP (cmH2O)	PEEP (cmH2O)	IPP (cmH2O)	MAP (cmH2O)	Breath Rate	In. Hold (sec)	Ex. Hold (sec)	In. Time (sec)	Ex. Time (sec)	I:E Ratio	Compliance (ml/cmH2O)	Min Airway Press	Assist Press	Time
1.675	101.4	-----	14.88	12.09	9.9	6.4	9.9	7.0	-15.0	0.65	1.70	1.37	2.62	1:1.91	23.0	5.0	1.4	12:10:08
1.740	105.9	-----	15.16	12.50	9.9	6.4	9.9	6.9	-15.0	0.64	1.68	1.37	2.63	1:1.92	25.2	4.9	1.5
1.744	105.0	-----	15.56	12.46	9.9	6.3	9.8	6.9	-15.0	0.65	1.69	1.36	2.63	1:1.93	23.3	4.8	1.5
1.789	107.7	-----	15.53	12.83	9.9	6.2	9.9	6.9	-15.0	0.63	1.69	1.37	2.63	1:1.92	25.0	4.8	1.4
1.783	106.3	-----	15.65	12.83	9.9	4.8	9.9	6.9	-15.0	0.63	1.70	1.36	2.63	1:1.93	22.6	4.8	0.0
1.772	108.4	-----	15.59	13.09	9.9	6.1	9.9	6.9	-15.0	0.63	1.69	1.36	2.63	1:1.93	23.5	4.8	1.3
1.765	110.2	-----	15.73	13.31	9.9	6.2	9.9	6.9	-15.0	0.63	1.68	1.36	2.63	1:1.93	23.9	4.8	1.4
1.819	109.5	-----	15.65	13.27	9.9	6.1	9.9	6.9	-15.0	0.61	1.67	1.37	2.62	1:1.91	24.3	4.8	1.3
1.786	106.9	-----	15.65	12.98	9.9	6.1	9.9	6.9	-15.1	0.63	1.68	1.37	2.61	1:1.91	23.2	4.8	1.3
1.806	108.5	-----	15.51	13.27	10.0	6.1	10.0	6.9	-15.0	0.61	1.69	1.37	2.63	1:1.92	23.0	4.8	1.3
1.789	106.8	-----	15.59	13.01	9.9	6.1	9.9	6.9	-15.0	0.63	1.70	1.37	2.63	1:1.92	25.4	4.8	1.3
1.792	106.9	-----	15.76	13.12	9.9	6.1	9.9	6.9	-15.0	0.62	1.70	1.36	2.63	1:1.93	23.7	4.9	1.2
1.789	106.3	-----	15.62	13.01	10.0	6.1	9.9	6.9	-15.1	0.62	1.69	1.36	2.62	1:1.93	23.1	4.8	1.3
