Minute Volume (lpm)	Tidal Volume (ml)	Base Flow (lpm)	PIF (lpm)	PEF (lpm)	PIP (cmH2O)	PEEP (cmH2O)	IPP (cmH2O)	MAP (cmH2O)	Breath Rate	In. Hold (sec)	Ex. Hold (sec)	In. Time (sec)	Ex. Time (sec)	I:E Ratio	Compliance (ml/cmH2O)	Min Airway Press	Assist Press	Time
0.887	64.8	-----	38.24	24.46	28.4	5.1	28.4	13.5	-15.1	1.01	2.32	1.33	2.65	1:1.99	2.7	4.6	0.5	12:12:03
0.890	64.3	-----	37.94	24.39	28.3	4.7	28.3	13.5	-15.0	1.02	2.32	1.35	2.64	1:1.96	2.8	4.7	0.0
0.882	64.9	-----	37.95	24.32	28.3	4.7	28.3	13.5	-15.0	1.02	2.32	1.34	2.65	1:1.98	2.8	4.7	0.0
0.853	64.4	-----	37.64	24.32	28.4	4.7	28.4	13.5	-15.1	1.02	2.32	1.33	2.64	1:1.98	2.7	4.7	0.0
0.882	64.1	-----	37.07	24.32	28.4	5.2	28.4	13.5	-15.0	1.03	2.32	1.35	2.64	1:1.96	2.7	4.7	0.5
0.884	64.1	-----	37.09	24.21	28.4	5.3	28.4	13.5	-15.0	1.02	2.32	1.35	2.64	1:1.96	2.7	4.7	0.6
0.883	64.1	-----	37.26	24.35	28.4	4.8	28.4	13.5	-15.0	1.02	2.33	1.35	2.65	1:1.96	2.8	4.8	0.0
0.884	64.0	-----	37.59	24.19	28.4	5.2	28.4	13.5	-15.0	1.01	2.33	1.34	2.65	1:1.98	2.7	4.8	0.4
0.885	63.8	-----	37.11	24.16	28.4	5.2	28.4	13.5	-15.0	1.02	2.32	1.35	2.64	1:1.96	2.7	4.7	0.5
0.884	63.8	-----	37.44	24.16	28.4	4.8	28.4	13.5	-15.0	1.02	2.32	1.35	2.64	1:1.96	2.7	4.8	0.0
0.883	63.9	-----	37.50	24.21	28.4	4.8	28.4	13.5	-15.0	1.02	2.33	1.35	2.65	1:1.96	2.8	4.8	0.0
0.884	65.1	-----	37.91	24.23	28.4	5.2	28.4	13.5	-15.1	1.00	2.32	1.33	2.65	1:1.99	2.7	4.6	0.6
0.982	64.8	-----	38.92	24.35	30.8	5.2	30.8	13.5	-15.0	0.90	2.33	1.35	2.65	1:1.96	2.6	4.4	0.8
0.918	65.8	-----	36.66	24.32	30.9	4.9	30.9	13.5	-15.0	0.94	2.31	1.34	2.65	1:1.98	2.5	4.7	0.2
0.909	64.5	-----	37.86	24.28	30.2	5.0	30.2	13.5	-15.0	0.97	2.32	1.34	2.65	1:1.98	2.6	4.9	0.1
0.906	64.2	-----	37.64	23.73	31.1	5.1	31.1	13.4	-15.0	0.95	2.32	1.34	2.65	1:1.98	2.5	4.7	0.4
0.889	64.2	-----	37.77	24.35	28.5	5.2	28.5	13.5	-15.1	1.01	2.32	1.34	2.64	1:1.97	2.7	4.7	0.5
0.883	64.1	-----	37.53	24.39	28.4	5.1	28.4	13.5	-15.0	1.02	2.33	1.35	2.65	1:1.96	2.8	4.7	0.4
0.883	64.3	-----	37.76	24.32	28.5	5.3	28.5	13.5	-15.1	1.02	2.32	1.34	2.64	1:1.97	2.7	4.7	0.6
0.885	64.2	-----	37.68	24.28	28.4	5.2	28.4	13.5	-15.0	1.02	2.32	1.35	2.64	1:1.96	2.7	4.8	0.4
0.887	64.0	-----	37.57	24.32	28.4	4.7	28.4	13.5	-15.0	1.02	2.32	1.35	2.64	1:1.96	2.7	4.7	0.0
0.883	63.9	-----	37.43	24.25	28.4	4.7	28.4	13.5	-15.0	1.02	2.33	1.35	2.65	1:1.96	2.7	4.7	0.0
