Minute Volume (lpm)	Tidal Volume (ml)	Base Flow (lpm)	PIF (lpm)	PEF (lpm)	PIP (cmH2O)	PEEP (cmH2O)	IPP (cmH2O)	MAP (cmH2O)	Breath Rate	In. Hold (sec)	Ex. Hold (sec)	In. Time (sec)	Ex. Time (sec)	I:E Ratio	Compliance (ml/cmH2O)	Min Airway Press	Assist Press	Time
0.164	4.5	-----	11.51	4.00	9.6	5.0	9.6	6.9	-15.1	1.23	2.51	1.38	2.60	1:1.88	1.0	4.9	0.1	12:14:38
0.165	8.9	-----	11.50	8.26	9.6	5.4	9.6	6.8	-15.0	0.07	3.70	0.17	3.82	1:22.47	-----	4.8	0.6
0.168	9.1	-----	12.05	8.11	9.6	5.4	9.6	6.7	-15.1	0.07	3.68	0.17	3.81	1:22.41	2.0	4.8	0.6
0.169	3.3	-----	11.96	3.78	9.6	4.8	9.6	6.7	-15.0	1.23	2.55	1.38	2.62	1:1.90	0.8	4.8	0.0
0.168	9.4	-----	12.27	8.22	9.6	5.3	9.5	6.7	-15.1	0.07	3.68	0.17	3.81	1:22.41	2.1	4.7	0.6
0.172	9.9	-----	12.22	8.18	9.6	5.3	9.6	6.7	-15.0	0.07	3.68	0.17	3.82	1:22.47	-----	4.8	0.5
0.170	9.0	-----	12.03	7.82	9.6	5.3	9.6	6.7	-15.1	0.07	3.68	0.17	3.81	1:22.41	2.0	4.8	0.5
0.178	3.4	-----	12.05	3.87	9.7	4.7	9.6	6.7	-15.0	1.22	2.54	1.38	2.61	1:1.89	0.7	4.7	0.0
0.174	9.6	-----	12.24	7.71	9.6	5.3	9.6	6.7	-15.0	0.07	3.68	0.17	3.82	1:22.47	-----	4.8	0.5
0.153	3.3	-----	12.02	3.68	9.6	4.8	9.6	6.7	-15.0	1.25	2.54	1.38	2.61	1:1.89	-----	4.8	0.0
0.176	9.6	-----	12.09	8.37	9.6	5.2	9.6	6.7	-15.1	0.06	3.68	0.17	3.81	1:22.41	2.1	4.7	0.5
0.180	9.1	-----	12.10	8.03	9.7	5.3	9.6	6.7	-15.1	0.06	3.68	0.17	3.81	1:22.41	2.0	4.8	0.5
0.173	3.3	-----	11.93	3.71	9.7	4.7	9.6	6.7	-7.5	5.01	2.55	5.37	2.62	2.05:1	-----	4.7	0.0
0.173	3.8	-----	12.14	3.78	9.7	5.2	9.7	6.7	-15.1	1.22	2.53	1.37	2.61	1:1.91	0.8	4.7	0.5
0.180	3.3	-----	12.28	3.73	9.7	4.7	9.5	6.6	-15.0	1.23	2.54	1.39	2.61	1:1.88	0.8	4.7	0.0
0.177	9.4	-----	12.03	8.03	9.7	5.2	9.6	6.7	-15.1	0.06	3.68	0.17	3.81	1:22.41	2.0	4.8	0.4
0.180	3.3	-----	12.14	3.68	9.7	4.7	9.7	6.6	-15.0	1.23	2.54	1.39	2.61	1:1.88	0.8	4.7	0.0
