Minute Volume (lpm)	Tidal Volume (ml)	Base Flow (lpm)	PIF (lpm)	PEF (lpm)	PIP (cmH2O)	PEEP (cmH2O)	IPP (cmH2O)	MAP (cmH2O)	Breath Rate	In. Hold (sec)	Ex. Hold (sec)	In. Time (sec)	Ex. Time (sec)	I:E Ratio	Compliance (ml/cmH2O)	Min Airway Press	Assist Press	Time
9.387	705.3	-----	35.82	32.47	27.4	4.7	25.3	14.0	-15.0	0.01	0.01	1.39	2.60	1:1.87	35.0	4.7	0.0	12:34:22
9.417	701.3	-----	35.67	32.59	27.4	4.7	25.3	14.0	-15.1	0.01	0.01	1.39	2.59	1:1.86	34.8	4.7	0.0
9.426	706.0	-----	35.67	32.58	27.4	4.7	25.4	14.0	-15.0	0.01	0.02	1.39	2.61	1:1.88	34.9	4.7	0.0
9.446	707.0	-----	35.79	32.58	27.4	4.7	25.3	14.0	-15.0	0.00	0.01	1.37	2.62	1:1.91	35.5	4.7	0.0
9.443	706.0	-----	35.94	32.59	27.4	4.7	25.5	14.0	-15.0	0.01	0.01	1.39	2.60	1:1.87	35.1	4.7	0.0
9.433	706.5	-----	35.73	32.91	27.4	4.7	25.5	14.0	-15.0	0.01	0.02	1.39	2.61	1:1.88	34.6	4.7	0.0
9.452	705.1	-----	35.67	32.59	27.4	4.7	25.4	14.0	-15.0	0.01	0.02	1.39	2.60	1:1.87	34.9	4.7	0.0
9.449	706.6	-----	35.64	32.69	27.4	4.7	25.4	14.0	-15.0	0.00	0.02	1.37	2.62	1:1.91	35.5	4.7	0.0
9.476	703.8	-----	35.64	32.51	27.4	4.7	25.4	14.0	-15.1	0.00	0.01	1.37	2.61	1:1.91	34.5	4.7	0.0
9.449	706.2	-----	35.72	32.55	27.4	4.7	25.7	14.0	-15.0	0.01	0.01	1.39	2.60	1:1.87	34.2	4.7	0.0
9.426	707.1	-----	35.67	32.48	27.4	4.7	25.7	14.0	-15.0	0.01	0.01	1.39	2.61	1:1.88	34.6	4.7	0.0
9.432	706.7	-----	35.82	32.71	27.4	4.7	25.6	14.0	-15.0	0.01	0.02	1.39	2.61	1:1.88	34.6	4.7	0.0
9.455	707.3	-----	35.82	32.63	27.5	4.7	25.6	14.0	-15.0	0.00	0.01	1.37	2.62	1:1.91	34.8	4.7	0.0
9.412	707.5	-----	35.60	32.59	27.5	4.7	25.6	14.0	-15.0	0.00	0.01	1.37	2.62	1:1.91	35.0	4.7	0.0
