Minute Volume (lpm)	Tidal Volume (ml)	Base Flow (lpm)	PIF (lpm)	PEF (lpm)	PIP (cmH2O)	PEEP (cmH2O)	IPP (cmH2O)	MAP (cmH2O)	Breath Rate	In. Hold (sec)	Ex. Hold (sec)	In. Time (sec)	Ex. Time (sec)	I:E Ratio	Compliance (ml/cmH2O)	Min Airway Press	Assist Press	Time
5.588	405.1	-----	27.11	24.67	19.5	4.4	19.1	10.4	-15.1	0.01	0.67	1.36	2.62	1:1.93	28.5	4.4	0.0	12:35:43
5.506	400.8	-----	26.85	24.42	19.5	4.7	19.4	10.5	-15.0	0.02	0.66	1.37	2.62	1:1.91	27.8	4.7	0.0
5.454	400.8	-----	26.65	24.14	19.5	4.7	19.3	10.6	-15.0	0.02	0.65	1.37	2.62	1:1.91	28.2	4.7	0.0
5.424	402.0	-----	26.59	23.94	19.5	4.7	19.3	10.6	-15.0	0.02	0.65	1.37	2.63	1:1.92	28.7	4.7	0.0
5.421	400.3	-----	26.59	23.88	19.5	4.7	19.3	10.6	-15.0	0.02	0.65	1.37	2.62	1:1.91	28.5	4.7	0.0
5.392	398.9	-----	26.45	23.85	19.5	4.7	19.4	10.6	-15.0	0.02	0.68	1.36	2.63	1:1.93	28.6	4.7	0.0
5.398	398.9	-----	26.36	23.83	19.5	4.7	19.2	10.7	-15.0	0.02	0.66	1.37	2.62	1:1.91	28.2	4.7	0.0
5.374	398.9	-----	26.56	23.81	19.5	4.7	19.3	10.6	-15.0	0.02	0.66	1.37	2.63	1:1.92	28.4	4.7	0.0
5.416	397.6	-----	26.33	23.90	19.5	4.7	19.3	10.7	-15.1	0.02	0.65	1.37	2.60	1:1.90	28.1	4.7	0.0
5.383	398.8	-----	26.50	23.90	19.5	4.7	19.3	10.7	-15.0	0.02	0.66	1.37	2.62	1:1.91	28.0	4.7	0.0
5.383	398.3	-----	26.39	23.92	19.5	4.7	19.4	10.7	-15.0	0.02	0.66	1.37	2.62	1:1.91	27.8	4.7	0.0
5.370	397.6	-----	26.47	23.88	19.5	4.7	19.3	10.6	-15.0	0.02	0.68	1.37	2.63	1:1.92	29.0	4.7	0.0
5.377	397.8	-----	26.47	23.90	19.5	4.7	19.3	10.7	-15.0	0.02	0.66	1.37	2.62	1:1.91	28.0	4.7	0.0
