Minute Volume (lpm)	Tidal Volume (ml)	Base Flow (lpm)	PIF (lpm)	PEF (lpm)	PIP (cmH2O)	PEEP (cmH2O)	IPP (cmH2O)	MAP (cmH2O)	Breath Rate	In. Hold (sec)	Ex. Hold (sec)	In. Time (sec)	Ex. Time (sec)	I:E Ratio	Compliance (ml/cmH2O)	Min Airway Press	Assist Press	Time
1.652	106.5	-----	13.61	11.21	9.7	6.2	9.7	6.8	-15.0	0.59	1.64	1.36	2.63	1:1.93	23.6	4.7	1.5	12:37:00
1.610	101.4	-----	13.35	10.73	9.7	6.2	9.7	6.9	-15.1	0.59	1.66	1.35	2.63	1:1.95	22.5	4.7	1.5
1.595	100.4	-----	13.14	10.59	9.8	6.3	9.8	6.9	-15.0	0.54	1.67	1.35	2.64	1:1.96	22.3	4.8	1.5
1.582	96.9	-----	12.97	10.37	9.7	6.3	9.7	6.9	-15.1	0.56	1.67	1.35	2.62	1:1.94	21.5	4.8	1.5
1.570	98.0	-----	12.68	10.40	9.7	6.3	9.7	6.9	-15.0	0.55	1.68	1.36	2.64	1:1.94	22.2	4.8	1.5
1.572	99.5	-----	12.80	10.48	9.7	6.3	9.7	6.9	-15.0	0.55	1.67	1.35	2.64	1:1.96	21.6	4.8	1.5
1.590	98.4	-----	12.73	10.40	9.9	6.3	9.9	6.9	-15.0	0.53	1.68	1.36	2.64	1:1.94	21.3	4.7	1.6
1.568	100.6	-----	12.88	10.59	9.7	6.3	9.7	6.9	-15.0	0.56	1.66	1.35	2.64	1:1.96	21.8	4.8	1.5
1.563	99.2	-----	12.73	10.55	9.8	6.3	9.8	6.9	-15.0	0.57	1.67	1.36	2.64	1:1.94	21.5	4.7	1.6
1.561	98.3	-----	12.85	10.44	9.8	6.3	9.8	6.9	-15.0	0.57	1.67	1.36	2.64	1:1.94	21.8	4.8	1.5
1.580	99.6	-----	12.71	10.44	9.8	6.3	9.8	6.9	-15.0	0.53	1.66	1.35	2.64	1:1.96	21.1	4.8	1.5
1.558	97.5	-----	12.62	10.40	9.7	6.3	9.7	6.9	-15.1	0.57	1.68	1.35	2.63	1:1.95	22.1	4.8	1.5
1.544	98.1	-----	12.85	10.40	9.7	6.3	9.7	6.9	-15.0	0.59	1.68	1.35	2.64	1:1.96	21.3	4.8	1.5
1.584	97.9	-----	12.73	10.40	9.9	6.3	9.9	6.9	-15.0	0.53	1.67	1.36	2.63	1:1.93	20.3	4.7	1.6
