Minute Volume (lpm)	Tidal Volume (ml)	Base Flow (lpm)	PIF (lpm)	PEF (lpm)	PIP (cmH2O)	PEEP (cmH2O)	IPP (cmH2O)	MAP (cmH2O)	Breath Rate	In. Hold (sec)	Ex. Hold (sec)	In. Time (sec)	Ex. Time (sec)	I:E Ratio	Compliance (ml/cmH2O)	Min Airway Press	Assist Press	Time
7.738	582.5	-----	29.78	25.29	24.6	5.1	23.4	13.4	-15.0	0.01	0.01	1.39	2.61	1:1.88	32.5	5.1	0.0	12:46:19
7.825	586.5	-----	30.03	25.50	24.6	4.8	23.4	13.2	-15.0	0.01	0.02	1.38	2.62	1:1.90	32.9	4.8	0.0
7.854	585.6	-----	30.39	25.70	24.6	4.7	23.3	13.1	-15.0	0.01	0.01	1.38	2.61	1:1.89	32.1	4.7	0.0
7.840	582.6	-----	30.30	25.82	24.5	4.5	23.4	13.0	-15.0	0.01	0.01	1.38	2.61	1:1.89	31.6	4.5	0.0
7.904	584.0	-----	30.27	26.06	24.5	4.4	23.3	12.9	-15.1	0.01	0.01	1.38	2.60	1:1.88	31.7	4.4	0.0
7.900	585.3	-----	30.46	26.14	24.5	4.4	23.3	12.8	-15.0	0.01	0.02	1.38	2.62	1:1.90	31.9	4.4	0.0
7.926	586.6	-----	30.46	26.20	24.5	4.4	23.2	12.8	-15.0	0.01	0.02	1.38	2.62	1:1.90	32.9	4.4	0.0
7.937	586.4	-----	30.55	26.02	24.5	4.4	23.2	12.8	-15.1	0.01	0.02	1.37	2.61	1:1.91	32.2	4.4	0.0
7.969	588.2	-----	30.58	26.06	24.6	4.4	23.2	12.8	-15.0	0.01	0.01	1.38	2.61	1:1.89	31.9	4.4	0.0
7.959	583.9	-----	30.54	26.22	24.6	4.4	23.2	12.8	-15.1	0.01	0.02	1.38	2.60	1:1.88	32.0	4.4	0.0
7.951	588.6	-----	30.58	26.37	24.6	4.4	23.3	12.8	-15.0	0.01	0.02	1.38	2.62	1:1.90	32.7	4.4	0.0
7.963	589.0	-----	30.61	26.08	24.6	4.4	23.4	12.8	-15.0	0.01	0.01	1.37	2.62	1:1.91	31.8	4.4	0.0
7.948	588.8	-----	30.46	26.08	24.6	4.4	23.4	12.8	-15.0	0.01	0.02	1.38	2.62	1:1.90	32.1	4.4	0.0
7.977	588.4	-----	30.70	26.14	24.6	4.4	23.2	12.8	-15.0	0.01	0.01	1.38	2.61	1:1.89	32.3	4.4	0.0
8.002	584.8	-----	30.67	26.09	24.6	4.4	23.4	12.8	-15.1	0.01	0.02	1.38	2.60	1:1.88	31.7	4.4	0.0
7.965	589.3	-----	30.70	26.14	24.6	4.4	23.3	12.8	-15.0	0.01	0.02	1.38	2.62	1:1.90	33.1	4.4	0.0
7.976	588.8	-----	30.55	26.11	24.6	4.4	23.3	12.9	-15.1	0.01	0.01	1.37	2.60	1:1.90	32.0	4.4	0.0
7.963	589.8	-----	30.64	26.11	24.6	4.4	23.4	12.8	-15.0	0.01	0.02	1.38	2.62	1:1.90	32.2	4.4	0.0
7.978	589.9	-----	30.58	26.06	24.6	4.4	23.5	12.8	-15.0	0.01	0.02	1.37	2.62	1:1.91	32.2	4.4	0.0
7.980	590.3	-----	30.54	26.08	24.7	4.4	23.4	12.8	-15.0	0.01	0.01	1.37	2.62	1:1.91	31.9	4.4	0.0
7.969	590.0	-----	30.70	25.99	24.6	4.4	23.4	12.8	-15.0	0.01	0.02	1.38	2.62	1:1.90	32.0	4.4	0.0
7.971	595.0	-----	30.70	26.11	24.7	4.5	23.6	12.9	-15.0	0.02	0.01	1.38	2.61	1:1.89	31.8	4.5	0.0
7.923	595.8	-----	30.70	26.09	24.7	4.4	23.5	12.9	-15.0	0.01	0.01	1.38	2.62	1:1.90	32.2	4.4	0.0
7.954	592.4	-----	30.49	26.02	24.7	4.4	23.4	12.9	-15.0	0.01	0.02	1.38	2.61	1:1.89	32.1	4.4	0.0
7.992	590.0	-----	30.70	25.99	24.6	4.4	23.3	12.8	-15.0	0.01	0.01	1.38	2.61	1:1.89	31.8	4.4	0.0
7.911	589.8	-----	30.55	25.99	24.6	4.4	23.4	12.8	-15.0	0.01	0.02	1.37	2.62	1:1.91	32.2	4.4	0.0
8.017	588.9	-----	30.70	26.05	24.6	4.4	23.5	12.8	-15.1	0.01	0.01	1.37	2.61	1:1.91	31.8	4.4	0.0
7.978	590.3	-----	30.73	25.97	24.6	4.4	23.4	12.8	-15.0	0.01	0.02	1.38	2.62	1:1.90	32.6	4.4	0.0
7.993	589.5	-----	30.67	25.97	24.6	4.4	23.6	12.8	-15.0	0.01	0.02	1.37	2.62	1:1.91	32.3	4.4	0.0
8.014	587.8	-----	30.66	25.97	24.7	4.4	23.5	12.8	-15.1	0.01	0.01	1.37	2.61	1:1.91	31.4	4.4	0.0
7.956	590.2	-----	30.52	26.09	24.6	4.4	23.6	12.8	-15.0	0.01	0.02	1.37	2.62	1:1.91	31.9	4.4	0.0
8.012	586.4	-----	30.64	26.17	24.7	4.4	23.6	12.8	-15.1	0.01	0.01	1.37	2.61	1:1.91	31.3	4.4	0.0
8.004	590.1	-----	30.64	25.99	24.6	4.4	23.4	12.8	-15.0	0.01	0.02	1.38	2.61	1:1.89	32.0	4.4	0.0
