Minute Volume (lpm)	Tidal Volume (ml)	Base Flow (lpm)	PIF (lpm)	PEF (lpm)	PIP (cmH2O)	PEEP (cmH2O)	IPP (cmH2O)	MAP (cmH2O)	Breath Rate	In. Hold (sec)	Ex. Hold (sec)	In. Time (sec)	Ex. Time (sec)	I:E Ratio	Compliance (ml/cmH2O)	Min Airway Press	Assist Press	Time
4.852	337.5	-----	22.46	21.31	17.3	3.6	17.0	9.1	-15.0	0.02	0.63	1.37	2.62	1:1.91	25.9	3.6	0.0	12:48:56
4.789	334.1	-----	22.41	20.93	17.3	3.8	17.0	9.2	-15.0	0.02	0.65	1.36	2.63	1:1.93	26.3	3.8	0.0
4.775	327.5	-----	22.20	20.54	17.3	4.1	17.1	9.3	-15.0	0.02	0.68	1.37	2.62	1:1.91	25.7	4.1	0.0
4.698	322.0	-----	21.82	20.06	17.3	4.2	17.1	9.5	-15.2	0.02	0.67	1.36	2.60	1:1.91	25.7	4.2	0.0
4.655	321.5	-----	21.63	19.55	17.3	4.3	17.1	9.6	-15.0	0.03	0.65	1.38	2.61	1:1.89	25.9	4.3	0.0
4.587	320.0	-----	21.39	19.38	17.3	4.4	17.1	9.6	-15.0	0.02	0.65	1.37	2.62	1:1.91	26.0	4.4	0.0
4.583	319.1	-----	21.17	19.21	17.3	4.4	17.1	9.7	-15.0	0.03	0.64	1.38	2.61	1:1.89	25.9	4.4	0.0
4.548	319.4	-----	21.06	19.24	17.3	4.4	17.1	9.7	-15.1	0.02	0.64	1.36	2.62	1:1.93	25.7	4.4	0.0
4.569	318.6	-----	21.03	19.27	17.3	4.4	17.1	9.7	-15.0	0.02	0.63	1.38	2.61	1:1.89	26.5	4.4	0.0
4.589	316.0	-----	21.03	19.21	17.3	4.4	17.0	9.7	-15.2	0.02	0.63	1.37	2.59	1:1.89	26.1	4.4	0.0
4.539	318.6	-----	21.14	19.16	17.3	4.4	17.2	9.7	-15.0	0.03	0.64	1.38	2.62	1:1.90	26.1	4.4	0.0
4.566	319.2	-----	21.14	19.18	17.3	4.4	17.1	9.7	-15.1	0.02	0.62	1.37	2.61	1:1.91	25.9	4.4	0.0
4.528	319.4	-----	20.98	19.27	17.3	4.4	17.1	9.7	-15.1	0.02	0.63	1.36	2.62	1:1.93	25.9	4.4	0.0
4.529	318.5	-----	21.20	19.24	17.3	4.4	17.1	9.7	-15.0	0.02	0.64	1.37	2.62	1:1.91	25.8	4.4	0.0
