Minute Volume (lpm)	Tidal Volume (ml)	Base Flow (lpm)	PIF (lpm)	PEF (lpm)	PIP (cmH2O)	PEEP (cmH2O)	IPP (cmH2O)	MAP (cmH2O)	Breath Rate	In. Hold (sec)	Ex. Hold (sec)	In. Time (sec)	Ex. Time (sec)	I:E Ratio	Compliance (ml/cmH2O)	Min Airway Press	Assist Press	Time
1.490	55.8	-----	8.85	7.17	8.4	5.6	8.4	5.9	-15.0	0.29	1.94	1.38	2.61	1:1.89	14.3	4.2	1.4	12:50:11
1.395	52.2	-----	8.58	6.98	8.3	5.7	8.3	6.1	-15.0	0.32	1.96	1.38	2.62	1:1.90	14.5	4.4	1.3
1.321	48.0	-----	8.21	6.61	8.4	5.8	8.4	6.2	-15.0	0.34	1.99	1.38	2.61	1:1.89	13.3	4.5	1.3
1.293	45.7	-----	7.99	6.46	8.3	6.0	8.3	6.3	-15.0	0.35	2.00	1.39	2.60	1:1.87	13.4	4.7	1.3
1.267	45.2	-----	7.90	6.39	8.5	6.0	8.5	6.3	-15.1	0.34	2.00	1.38	2.60	1:1.88	12.5	4.7	1.3
1.263	45.9	-----	7.84	6.46	8.5	6.0	8.4	6.3	-15.1	0.35	1.98	1.39	2.59	1:1.86	13.1	4.7	1.3
1.257	46.0	-----	7.74	6.32	8.4	6.0	8.3	6.3	-15.0	0.35	1.99	1.39	2.61	1:1.88	13.1	4.6	1.4
1.286	47.0	-----	7.99	6.46	8.5	6.0	8.5	6.3	-15.1	0.31	1.96	1.38	2.59	1:1.88	12.7	4.6	1.4
1.246	46.2	-----	7.87	6.46	8.3	6.0	8.3	6.3	-15.1	0.36	1.98	1.38	2.60	1:1.88	13.2	4.6	1.4
1.255	44.7	-----	8.05	6.32	8.3	6.0	8.3	6.3	-15.0	0.35	2.01	1.38	2.61	1:1.89	12.7	4.6	1.4
1.266	46.4	-----	7.93	6.46	8.3	6.0	8.3	6.3	-15.0	0.35	1.98	1.39	2.60	1:1.87	13.2	4.6	1.4
1.263	44.5	-----	7.99	6.32	8.3	6.0	8.3	6.3	-15.0	0.36	2.00	1.39	2.60	1:1.87	12.7	4.6	1.4
