Minute Volume (lpm)	Tidal Volume (ml)	Base Flow (lpm)	PIF (lpm)	PEF (lpm)	PIP (cmH2O)	PEEP (cmH2O)	IPP (cmH2O)	MAP (cmH2O)	Breath Rate	In. Hold (sec)	Ex. Hold (sec)	In. Time (sec)	Ex. Time (sec)	I:E Ratio	Compliance (ml/cmH2O)	Min Airway Press	Assist Press	Time
7.691	571.6	-----	29.55	25.62	25.0	5.4	23.8	13.6	-15.0	0.01	0.01	1.37	2.62	1:1.91	31.7	5.4	0.0	12:52:32
7.646	571.4	-----	29.72	25.59	24.9	5.5	23.8	13.6	-15.0	0.01	0.01	1.37	2.62	1:1.91	32.2	5.5	0.0
7.702	571.8	-----	29.86	25.73	24.9	5.5	23.8	13.6	-15.0	0.01	0.01	1.37	2.62	1:1.91	32.1	5.5	0.0
7.680	572.0	-----	29.78	25.67	24.9	5.5	23.7	13.6	-15.0	0.01	0.01	1.38	2.62	1:1.90	32.3	5.5	0.0
7.718	568.6	-----	29.78	25.62	24.9	5.5	23.8	13.6	-15.1	0.01	0.01	1.37	2.61	1:1.91	31.7	5.5	0.0
7.693	569.7	-----	29.89	25.59	25.0	5.4	23.9	13.6	-15.0	0.01	0.01	1.37	2.62	1:1.91	31.8	5.4	0.0
7.703	571.9	-----	29.81	25.67	25.0	5.4	23.9	13.6	-15.0	0.01	0.01	1.37	2.62	1:1.91	31.9	5.4	0.0
7.677	572.1	-----	29.81	25.62	25.0	5.5	23.9	13.6	-15.0	0.01	0.02	1.37	2.63	1:1.92	32.6	5.5	0.0
7.700	572.1	-----	29.78	25.67	25.0	5.5	23.8	13.6	-15.0	0.01	0.01	1.37	2.62	1:1.91	31.9	5.5	0.0
7.699	571.5	-----	29.78	25.71	25.0	5.5	23.9	13.6	-15.0	0.01	0.01	1.37	2.62	1:1.91	31.9	5.5	0.0
7.681	572.0	-----	29.78	25.73	25.0	5.5	23.9	13.6	-15.0	0.01	0.01	1.37	2.63	1:1.92	32.5	5.5	0.0
7.702	572.0	-----	29.75	25.76	25.0	5.5	23.8	13.6	-15.0	0.01	0.01	1.37	2.62	1:1.91	31.9	5.5	0.0
7.680	572.5	-----	29.72	25.73	25.0	5.4	24.0	13.6	-15.0	0.01	0.01	1.37	2.63	1:1.92	31.8	5.4	0.0
7.699	572.1	-----	29.75	25.71	25.0	5.5	23.9	13.6	-15.0	0.01	0.01	1.37	2.62	1:1.91	31.7	5.5	0.0
