Minute Volume (lpm)	Tidal Volume (ml)	Base Flow (lpm)	PIF (lpm)	PEF (lpm)	PIP (cmH2O)	PEEP (cmH2O)	IPP (cmH2O)	MAP (cmH2O)	Breath Rate	In. Hold (sec)	Ex. Hold (sec)	In. Time (sec)	Ex. Time (sec)	I:E Ratio	Compliance (ml/cmH2O)	Min Airway Press	Assist Press	Time
4.526	314.7	-----	20.82	20.61	17.3	8.7	16.9	9.6	-15.0	0.01	0.58	1.35	2.64	1:1.96	26.6	4.4	4.3	12:53:54
4.505	316.0	-----	20.79	20.46	17.2	8.7	17.0	9.6	-15.0	0.02	0.56	1.34	2.65	1:1.98	25.9	4.4	4.3
4.491	314.3	-----	20.79	20.51	17.2	8.7	17.0	9.6	-15.0	0.02	0.58	1.34	2.65	1:1.98	25.9	4.4	4.3
4.493	312.9	-----	20.82	20.41	17.2	8.8	17.0	9.6	-15.0	0.02	0.60	1.34	2.65	1:1.98	25.8	4.4	4.4
4.491	312.9	-----	20.84	20.56	17.2	8.7	17.0	9.6	-15.0	0.02	0.57	1.34	2.65	1:1.98	25.8	4.4	4.3
4.465	312.9	-----	20.79	20.46	17.2	8.7	16.9	9.6	-15.0	0.03	0.59	1.34	2.66	1:1.99	26.5	4.4	4.3
4.489	312.0	-----	20.98	20.46	17.2	8.7	17.0	9.6	-15.1	0.03	0.59	1.34	2.64	1:1.97	25.7	4.4	4.3
4.439	311.7	-----	20.84	20.58	17.2	8.7	17.0	9.6	-15.0	0.03	0.60	1.33	2.66	1:2.00	25.9	4.4	4.3
4.470	310.4	-----	20.65	20.43	17.2	8.7	17.0	9.6	-15.0	0.03	0.61	1.34	2.65	1:1.98	25.4	4.4	4.3
4.490	311.6	-----	20.87	20.56	17.2	8.7	17.0	9.6	-15.1	0.02	0.58	1.34	2.64	1:1.97	25.5	4.4	4.3
4.440	311.8	-----	20.82	20.46	17.2	8.7	17.0	9.6	-15.0	0.03	0.59	1.34	2.65	1:1.98	26.2	4.4	4.3
4.469	312.6	-----	20.76	20.43	17.2	8.7	17.0	9.6	-15.0	0.02	0.59	1.33	2.66	1:2.00	26.2	4.4	4.3
4.512	310.5	-----	20.82	20.51	17.2	8.7	17.0	9.6	-15.1	0.02	0.59	1.34	2.63	1:1.96	25.4	4.4	4.3
4.491	313.1	-----	20.82	20.54	17.3	8.7	17.0	9.6	-15.0	0.02	0.60	1.35	2.65	1:1.96	26.0	4.4	4.3
4.500	312.7	-----	20.90	20.64	17.3	8.8	17.0	9.6	-15.0	0.02	0.59	1.35	2.64	1:1.96	26.2	4.4	4.4
4.491	314.3	-----	20.84	20.61	17.3	8.8	17.0	9.6	-15.0	0.02	0.58	1.34	2.65	1:1.98	26.4	4.4	4.4
