Minute Volume (lpm)	Tidal Volume (ml)	Base Flow (lpm)	PIF (lpm)	PEF (lpm)	PIP (cmH2O)	PEEP (cmH2O)	IPP (cmH2O)	MAP (cmH2O)	Breath Rate	In. Hold (sec)	Ex. Hold (sec)	In. Time (sec)	Ex. Time (sec)	I:E Ratio	Compliance (ml/cmH2O)	Min Airway Press	Assist Press	Time
1.509	47.8	-----	11.00	5.34	8.3	5.6	8.3	5.9	-15.1	0.07	1.90	1.38	2.60	1:1.88	12.9	4.4	1.2	12:55:24
1.351	43.6	-----	10.39	5.02	8.3	5.7	8.3	6.0	-15.0	0.09	1.92	1.40	2.59	1:1.85	12.1	4.5	1.2
1.318	40.7	-----	10.37	4.79	8.5	5.8	8.4	6.1	-15.0	0.10	1.95	1.40	2.59	1:1.85	12.3	4.7	1.1
1.249	39.2	-----	10.06	4.60	8.4	5.9	8.4	6.2	-15.0	0.15	1.97	1.39	2.60	1:1.87	11.5	4.7	1.2
1.276	38.5	-----	9.88	4.61	8.5	5.9	8.5	6.2	-15.0	0.12	1.97	1.40	2.59	1:1.85	11.3	4.7	1.2
1.249	39.3	-----	10.03	4.64	8.4	6.0	8.4	6.2	-15.0	0.15	1.96	1.40	2.59	1:1.85	11.2	4.7	1.3
1.264	38.0	-----	10.00	4.59	8.5	6.0	8.5	6.2	-15.0	0.13	1.97	1.41	2.58	1:1.83	11.1	4.7	1.3
1.245	38.7	-----	10.10	4.61	8.3	6.0	8.3	6.2	-15.1	0.16	1.96	1.40	2.58	1:1.84	11.0	4.7	1.3
1.246	38.4	-----	10.06	4.57	8.3	5.9	8.3	6.2	-15.1	0.16	1.95	1.41	2.57	1:1.82	11.6	4.7	1.2
1.237	38.7	-----	10.10	4.65	8.3	5.9	8.3	6.2	-15.0	0.16	1.97	1.40	2.59	1:1.85	11.7	4.5	1.4
1.266	39.2	-----	9.94	4.64	8.4	5.9	8.4	6.2	-15.0	0.12	1.96	1.40	2.59	1:1.85	10.8	4.7	1.2
1.218	37.6	-----	10.13	4.56	8.2	5.9	8.2	6.2	-15.0	0.19	1.98	1.41	2.59	1:1.84	11.7	4.7	1.2
