Minute Volume (lpm)	Tidal Volume (ml)	Base Flow (lpm)	PIF (lpm)	PEF (lpm)	PIP (cmH2O)	PEEP (cmH2O)	IPP (cmH2O)	MAP (cmH2O)	Breath Rate	In. Hold (sec)	Ex. Hold (sec)	In. Time (sec)	Ex. Time (sec)	I:E Ratio	Compliance (ml/cmH2O)	Min Airway Press	Assist Press	Time
2.104	134.3	-----	7.87	8.08	8.6	2.1	8.6	4.8	-15.1	0.07	0.97	1.43	2.55	1:1.78	22.0	2.1	0.0	12:58:37
2.097	132.5	-----	7.74	8.08	8.6	2.1	8.6	4.8	-15.1	0.08	0.99	1.44	2.53	1:1.76	21.7	2.1	0.0
2.102	133.6	-----	7.73	8.08	8.6	2.1	8.6	4.8	-15.0	0.07	0.99	1.44	2.55	1:1.77	21.9	2.1	0.0
2.110	133.8	-----	7.73	8.12	8.6	2.1	8.6	4.8	-15.1	0.08	0.97	1.45	2.53	1:1.74	21.5	2.1	0.0
2.107	133.7	-----	7.83	8.16	8.6	2.2	8.6	4.8	-15.0	0.07	0.99	1.45	2.55	1:1.76	21.9	2.2	0.0
2.103	134.7	-----	7.68	8.12	8.6	2.1	8.6	4.8	-15.0	0.08	0.97	1.45	2.54	1:1.75	21.7	2.1	0.0
2.110	133.8	-----	7.76	8.01	8.6	2.1	8.6	4.8	-15.0	0.07	0.99	1.45	2.55	1:1.76	21.9	2.1	0.0
2.109	133.2	-----	7.76	8.08	8.6	2.1	8.6	4.8	-15.0	0.07	1.00	1.45	2.55	1:1.76	21.8	2.1	0.0
2.112	133.4	-----	7.78	8.19	8.6	2.1	8.6	4.8	-15.0	0.07	1.00	1.44	2.55	1:1.77	21.5	2.1	0.0
2.115	133.3	-----	7.80	8.05	8.6	2.1	8.6	4.8	-15.0	0.07	1.00	1.45	2.55	1:1.76	21.8	2.1	0.0
2.111	133.5	-----	7.81	8.12	8.6	2.2	8.6	4.8	-15.0	0.08	0.99	1.45	2.54	1:1.75	21.8	2.2	0.0
2.109	133.4	-----	7.73	8.08	8.6	2.1	8.6	4.8	-15.0	0.08	0.99	1.45	2.54	1:1.75	21.5	2.1	0.0
2.113	133.9	-----	7.78	8.12	8.6	2.1	8.6	4.8	-15.0	0.07	0.99	1.45	2.55	1:1.76	21.9	2.1	0.0
2.109	132.4	-----	7.78	8.08	8.6	2.1	8.6	4.8	-15.0	0.07	1.01	1.45	2.55	1:1.76	21.7	2.1	0.0
2.113	133.1	-----	7.76	8.08	8.6	2.1	8.6	4.8	-15.1	0.07	1.00	1.44	2.54	1:1.76	21.4	2.1	0.0
2.109	134.4	-----	7.74	8.05	8.6	2.1	8.6	4.8	-15.0	0.07	0.98	1.45	2.54	1:1.75	22.0	2.1	0.0
2.109	131.7	-----	7.71	8.23	8.6	2.2	8.6	4.8	-15.1	0.08	1.02	1.45	2.53	1:1.74	21.2	2.2	0.0
2.109	132.8	-----	7.76	8.12	8.6	2.1	8.6	4.8	-15.0	0.07	1.01	1.45	2.55	1:1.76	21.7	2.1	0.0
2.110	133.3	-----	7.74	8.12	8.6	2.1	8.6	4.8	-15.1	0.07	0.99	1.44	2.54	1:1.76	21.8	2.1	0.0
2.101	132.9	-----	7.78	8.12	8.6	2.1	8.6	4.8	-15.1	0.07	1.01	1.43	2.55	1:1.78	21.4	2.1	0.0
2.112	132.3	-----	7.70	8.30	8.6	2.1	8.6	4.8	-15.1	0.08	1.00	1.45	2.53	1:1.74	21.3	2.1	0.0
2.107	133.3	-----	7.74	8.16	8.6	2.1	8.6	4.8	-15.0	0.07	1.01	1.45	2.55	1:1.76	21.8	2.1	0.0
2.108	133.8	-----	7.74	8.23	8.6	2.1	8.6	4.8	-15.0	0.08	0.99	1.45	2.54	1:1.75	21.5	2.1	0.0
2.102	132.9	-----	7.80	8.16	8.6	2.1	8.6	4.8	-15.0	0.08	1.01	1.45	2.54	1:1.75	21.4	2.1	0.0
2.112	132.4	-----	7.74	8.12	8.6	2.1	8.6	4.8	-15.0	0.07	1.01	1.45	2.54	1:1.75	21.3	2.1	0.0
