Minute Volume (lpm)	Tidal Volume (ml)	Base Flow (lpm)	PIF (lpm)	PEF (lpm)	PIP (cmH2O)	PEEP (cmH2O)	IPP (cmH2O)	MAP (cmH2O)	Breath Rate	In. Hold (sec)	Ex. Hold (sec)	In. Time (sec)	Ex. Time (sec)	I:E Ratio	Compliance (ml/cmH2O)	Min Airway Press	Assist Press	Time
1.424	72.6	-----	5.43	5.54	6.4	2.0	6.4	3.7	-15.0	0.10	1.51	1.44	2.55	1:1.77	17.2	2.0	0.0	13:00:39
1.425	72.2	-----	5.52	5.49	6.4	2.0	6.4	3.7	-15.0	0.10	1.51	1.44	2.55	1:1.77	17.1	2.0	0.0
1.425	71.5	-----	5.45	5.56	6.4	2.0	6.4	3.7	-15.0	0.10	1.53	1.44	2.55	1:1.77	17.0	2.0	0.0
1.427	71.8	-----	5.49	5.57	6.4	2.0	6.4	3.7	-15.0	0.10	1.53	1.44	2.55	1:1.77	16.6	2.0	0.0
1.425	71.5	-----	5.42	5.54	6.4	2.1	6.4	3.7	-15.0	0.10	1.53	1.44	2.55	1:1.77	17.4	2.1	0.0
1.401	75.1	-----	5.45	5.67	6.4	2.0	6.4	3.7	-15.0	0.10	1.49	1.44	2.55	1:1.77	18.3	2.0	0.0
1.407	77.9	-----	5.36	5.83	6.4	2.0	6.4	3.7	-15.0	0.10	1.48	1.43	2.56	1:1.79	18.1	2.0	0.0
1.414	78.5	-----	5.43	5.89	6.4	2.0	6.4	3.6	-15.1	0.10	1.47	1.43	2.55	1:1.78	18.2	2.0	0.0
1.439	80.0	-----	5.55	5.97	6.4	2.0	6.4	3.6	-15.0	0.09	1.46	1.43	2.56	1:1.79	18.6	2.0	0.0
1.447	142.7	-----	5.55	6.45	6.4	1.2	6.4	3.9	-15.1	0.10	0.67	1.44	2.54	1:1.76	27.4	1.2	0.0
1.921	99.6	-----	7.39	6.25	5.8	1.2	5.8	3.0	-15.0	0.22	1.07	1.61	2.39	1:1.48	22.6	1.1	0.1
0.992	69.2	-----	4.68	6.22	4.2	1.1	4.2	2.3	-15.1	0.34	1.62	1.41	2.56	1:1.82	-----	1.1	0.0
3.050	146.2	-----	10.01	23.99	5.8	0.0	5.7	2.6	-33.3	0.18	0.12	1.00	0.80	1.25:1	27.5	0.0	0.0
0.398	24.4	-----	13.03	8.20	1.8	0.0	1.2	0.2	-15.6	0.58	2.74	0.84	3.01	1:3.58	-----	0.0	0.0
2.252	141.8	-----	7.56	8.93	13.5	6.5	13.5	9.4	-15.1	0.07	0.90	1.46	2.52	1:1.73	20.8	6.5	0.0
2.254	176.1	-----	7.53	9.45	13.6	7.9	13.6	9.1	-15.0	0.04	0.65	1.43	2.57	1:1.80	23.4	5.8	2.1
2.345	179.8	-----	7.68	9.74	13.2	5.3	13.1	8.5	-15.0	0.03	0.66	1.42	2.57	1:1.81	23.3	5.3	0.0
2.449	179.7	-----	8.18	10.32	12.9	4.9	12.9	8.2	-15.0	0.04	0.71	1.43	2.56	1:1.79	23.3	4.9	0.0
2.496	179.2	-----	8.32	10.65	12.9	7.6	12.8	7.9	-15.0	0.03	0.77	1.42	2.58	1:1.82	22.9	4.7	2.9
2.520	177.2	-----	8.30	10.87	12.7	7.4	12.5	7.7	-15.0	0.03	0.80	1.42	2.57	1:1.81	23.3	4.6	2.8
2.543	176.3	-----	8.30	11.04	12.5	7.3	12.4	7.6	-15.1	0.03	0.81	1.42	2.56	1:1.80	23.1	4.5	2.8
2.553	175.8	-----	8.52	11.20	12.6	7.1	12.5	7.6	-15.0	0.03	0.86	1.42	2.58	1:1.82	22.5	4.4	2.7
2.559	174.3	-----	8.46	11.17	12.5	7.0	12.4	7.6	-15.0	0.03	0.87	1.42	2.57	1:1.81	22.6	4.4	2.6
2.557	175.4	-----	8.50	11.24	12.5	7.0	12.4	7.6	-15.1	0.03	0.85	1.41	2.56	1:1.82	22.7	4.4	2.6
2.568	174.8	-----	8.48	11.24	12.5	7.0	12.5	7.6	-15.0	0.03	0.87	1.42	2.57	1:1.81	22.4	4.4	2.6
2.565	174.4	-----	8.51	11.32	12.5	6.9	12.4	7.6	-15.1	0.03	0.88	1.41	2.57	1:1.82	22.6	4.4	2.5
