Minute Volume (lpm)	Tidal Volume (ml)	Base Flow (lpm)	PIF (lpm)	PEF (lpm)	PIP (cmH2O)	PEEP (cmH2O)	IPP (cmH2O)	MAP (cmH2O)	Breath Rate	In. Hold (sec)	Ex. Hold (sec)	In. Time (sec)	Ex. Time (sec)	I:E Ratio	Compliance (ml/cmH2O)	Min Airway Press	Assist Press	Time
0.998	29.1	-----	4.01	5.05	7.5	5.4	7.5	5.6	-15.0	0.21	2.15	1.40	2.59	1:1.85	9.3	4.2	1.2	13:03:19
0.954	26.6	-----	3.92	4.91	7.5	5.4	7.5	5.7	-15.0	0.24	2.18	1.40	2.59	1:1.85	8.8	4.4	1.0
0.888	23.7	-----	3.82	4.67	7.5	5.5	7.5	5.8	-15.0	0.31	2.21	1.41	2.59	1:1.84	-----	4.5	1.0
0.812	22.5	-----	3.73	4.52	7.4	5.6	7.4	5.9	-15.1	0.39	2.21	1.40	2.58	1:1.84	-----	4.7	0.9
0.842	22.5	-----	3.69	4.54	7.5	5.7	7.5	5.9	-15.0	0.34	2.21	1.41	2.58	1:1.83	-----	4.7	1.0
0.825	23.8	-----	3.64	4.61	7.5	5.7	7.5	5.9	-15.0	0.35	2.20	1.40	2.59	1:1.85	-----	4.6	1.1
0.833	23.7	-----	3.80	4.60	7.5	5.7	7.5	5.9	-15.1	0.36	2.18	1.41	2.57	1:1.82	-----	4.7	1.0
0.841	23.5	-----	3.69	4.65	7.5	5.7	7.5	5.9	-15.0	0.34	2.21	1.41	2.59	1:1.84	-----	4.7	1.0
0.813	23.2	-----	3.67	4.59	7.5	5.7	7.5	5.9	-15.0	0.37	2.21	1.40	2.59	1:1.85	-----	4.6	1.1
0.798	22.9	-----	3.72	4.56	7.4	5.7	7.4	5.9	-15.1	0.40	2.20	1.40	2.58	1:1.84	-----	4.6	1.1
0.822	23.1	-----	3.69	4.58	7.5	5.7	7.5	5.9	-15.1	0.37	2.19	1.40	2.57	1:1.84	-----	4.7	1.0
0.835	23.2	-----	3.68	4.61	7.5	5.7	7.5	5.9	-15.0	0.35	2.21	1.41	2.59	1:1.84	-----	4.6	1.1
0.833	24.2	-----	3.70	4.60	7.5	5.7	7.5	5.9	-15.0	0.35	2.19	1.40	2.59	1:1.85	-----	4.6	1.1
0.835	23.3	-----	3.71	4.61	7.5	5.7	7.5	5.9	-15.1	0.34	2.21	1.39	2.59	1:1.86	-----	4.7	1.0
0.824	22.7	-----	3.66	4.61	7.5	5.7	7.5	5.9	-15.0	0.37	2.21	1.41	2.58	1:1.83	-----	4.6	1.1
0.818	23.1	-----	3.68	4.61	7.4	5.7	7.4	5.9	-15.1	0.37	2.20	1.40	2.58	1:1.84	-----	4.6	1.1
0.812	23.1	-----	3.71	4.64	7.5	5.7	7.5	5.9	-15.0	0.39	2.20	1.41	2.58	1:1.83	-----	4.6	1.1
0.822	23.2	-----	3.67	4.59	7.5	5.7	7.5	5.9	-15.0	0.37	2.21	1.41	2.59	1:1.84	-----	4.6	1.1
0.827	23.7	-----	3.70	4.60	7.5	5.7	7.5	5.9	-15.1	0.36	2.19	1.40	2.58	1:1.84	-----	4.6	1.1
