Minute Volume (lpm)	Tidal Volume (ml)	Base Flow (lpm)	PIF (lpm)	PEF (lpm)	PIP (cmH2O)	PEEP (cmH2O)	IPP (cmH2O)	MAP (cmH2O)	Breath Rate	In. Hold (sec)	Ex. Hold (sec)	In. Time (sec)	Ex. Time (sec)	I:E Ratio	Compliance (ml/cmH2O)	Min Airway Press	Assist Press	Time
7.191	568.3	-----	27.28	24.97	23.9	5.2	22.7	13.2	-15.0	0.01	0.02	1.39	2.61	1:1.88	34.2	5.2	0.0	13:05:32
7.297	573.0	-----	27.56	25.17	23.8	4.9	22.6	12.9	-15.0	0.01	0.01	1.38	2.61	1:1.89	33.1	4.9	0.0
7.348	574.3	-----	27.87	25.47	23.8	4.7	22.4	12.8	-15.0	0.01	0.02	1.39	2.61	1:1.88	33.5	4.7	0.0
7.400	574.0	-----	27.86	25.79	23.7	4.5	22.4	12.6	-15.0	0.01	0.02	1.38	2.61	1:1.89	33.5	4.5	0.0
7.433	576.8	-----	28.07	25.99	23.7	4.5	22.4	12.6	-15.0	0.01	0.01	1.38	2.61	1:1.89	33.1	4.5	0.0
7.432	576.9	-----	28.16	26.06	23.6	4.4	22.3	12.5	-15.0	0.01	0.02	1.39	2.61	1:1.88	33.3	4.4	0.0
7.421	577.9	-----	28.16	26.20	23.6	4.4	22.5	12.5	-15.0	0.01	0.02	1.37	2.62	1:1.91	33.0	4.4	0.0
7.488	577.4	-----	28.30	26.20	23.7	4.4	22.3	12.5	-15.0	0.01	0.02	1.38	2.61	1:1.89	33.3	4.4	0.0
7.496	578.5	-----	28.25	26.20	23.7	4.4	22.3	12.4	-15.0	0.01	0.01	1.38	2.61	1:1.89	33.2	4.4	0.0
7.464	578.8	-----	28.36	26.26	23.7	4.4	22.3	12.4	-15.0	0.01	0.01	1.38	2.61	1:1.89	33.2	4.4	0.0
7.482	579.3	-----	28.39	26.17	23.7	4.4	22.5	12.4	-15.0	0.01	0.02	1.38	2.62	1:1.90	33.2	4.4	0.0
7.508	576.0	-----	28.42	26.17	23.7	4.4	22.3	12.4	-15.0	0.01	0.02	1.38	2.61	1:1.89	33.6	4.4	0.0
7.493	576.9	-----	28.27	26.25	23.7	4.4	22.4	12.4	-15.1	0.01	0.01	1.37	2.61	1:1.91	32.9	4.4	0.0
7.475	579.6	-----	28.24	26.17	23.6	4.4	22.6	12.4	-15.0	0.01	0.02	1.37	2.62	1:1.91	32.9	4.4	0.0
7.471	577.4	-----	28.32	26.26	23.7	4.4	22.5	12.4	-15.1	0.01	0.01	1.37	2.61	1:1.91	32.8	4.4	0.0
7.503	579.7	-----	28.38	26.14	23.8	4.4	22.5	12.4	-15.0	0.01	0.01	1.38	2.61	1:1.89	32.9	4.4	0.0
7.483	579.0	-----	28.24	26.14	23.8	4.4	22.3	12.4	-15.1	0.01	0.01	1.38	2.60	1:1.88	33.2	4.4	0.0
7.482	580.9	-----	28.30	26.09	23.8	4.3	22.6	12.4	-15.0	0.01	0.01	1.38	2.62	1:1.90	32.8	4.3	0.0
7.525	577.4	-----	28.33	26.11	23.8	4.4	22.5	12.4	-15.1	0.01	0.01	1.38	2.60	1:1.88	32.8	4.4	0.0
7.395	580.5	-----	28.45	26.09	23.8	4.4	22.5	12.4	-15.1	0.01	0.02	1.36	2.62	1:1.93	33.1	4.4	0.0
7.466	580.9	-----	28.30	26.11	23.8	4.3	22.6	12.4	-15.0	0.01	0.02	1.37	2.62	1:1.91	33.3	4.3	0.0
7.517	580.1	-----	28.39	26.11	23.9	4.4	22.5	12.4	-15.0	0.01	0.02	1.38	2.61	1:1.89	33.9	4.4	0.0
7.515	580.8	-----	28.39	26.20	23.9	4.4	22.3	12.4	-15.0	0.01	0.01	1.38	2.61	1:1.89	33.3	4.4	0.0
7.518	580.8	-----	28.33	26.02	23.8	4.4	22.6	12.4	-15.0	0.01	0.01	1.38	2.61	1:1.89	32.8	4.4	0.0
7.495	581.1	-----	28.27	26.11	23.8	4.4	22.5	12.4	-15.0	0.01	0.02	1.38	2.62	1:1.90	33.7	4.4	0.0
