Minute Volume (lpm)	Tidal Volume (ml)	Base Flow (lpm)	PIF (lpm)	PEF (lpm)	PIP (cmH2O)	PEEP (cmH2O)	IPP (cmH2O)	MAP (cmH2O)	Breath Rate	In. Hold (sec)	Ex. Hold (sec)	In. Time (sec)	Ex. Time (sec)	I:E Ratio	Compliance (ml/cmH2O)	Min Airway Press	Assist Press	Time
4.423	331.1	-----	20.10	19.95	17.1	4.2	16.9	9.3	-15.1	0.02	0.57	1.36	2.62	1:1.93	26.7	4.2	0.0	13:07:41
4.358	329.9	-----	19.89	19.46	17.1	4.3	16.9	9.4	-15.1	0.02	0.55	1.36	2.62	1:1.93	27.9	4.3	0.0
4.354	328.1	-----	19.80	19.36	17.1	4.4	17.0	9.5	-15.0	0.02	0.52	1.37	2.62	1:1.91	27.8	4.4	0.0
4.326	332.7	-----	19.61	19.16	17.2	4.4	16.9	9.6	-15.0	0.02	0.41	1.37	2.62	1:1.91	27.4	4.4	0.0
4.293	329.6	-----	19.53	19.24	17.2	4.4	16.9	9.5	-15.0	0.02	0.51	1.37	2.63	1:1.92	27.9	4.4	0.0
4.308	331.6	-----	19.50	19.18	17.2	4.4	16.9	9.6	-15.0	0.02	0.42	1.37	2.62	1:1.91	28.1	4.4	0.0
4.303	329.2	-----	19.44	19.18	17.2	4.4	16.9	9.5	-15.0	0.02	0.51	1.37	2.62	1:1.91	27.2	4.4	0.0
4.308	331.6	-----	19.56	19.21	17.1	4.4	16.9	9.6	-15.0	0.03	0.41	1.38	2.61	1:1.89	27.6	4.4	0.0
4.302	328.5	-----	19.56	19.24	17.1	4.4	16.9	9.5	-15.0	0.02	0.51	1.37	2.62	1:1.91	27.6	4.4	0.0
4.312	333.0	-----	19.50	19.18	17.1	4.4	16.9	9.6	-15.0	0.02	0.39	1.37	2.62	1:1.91	27.5	4.4	0.0
4.307	327.2	-----	19.44	19.16	17.2	4.4	17.0	9.5	-15.1	0.03	0.50	1.38	2.60	1:1.88	26.6	4.4	0.0
4.302	330.1	-----	19.44	19.24	17.1	4.4	16.9	9.6	-15.1	0.02	0.43	1.37	2.61	1:1.91	27.5	4.4	0.0
4.297	329.2	-----	19.44	19.16	17.2	4.4	16.9	9.5	-15.0	0.02	0.50	1.37	2.62	1:1.91	27.6	4.4	0.0
4.294	330.9	-----	19.44	19.21	17.2	4.4	16.9	9.6	-15.0	0.02	0.43	1.37	2.63	1:1.92	28.5	4.4	0.0
4.270	328.7	-----	19.36	19.24	17.2	4.4	17.0	9.5	-15.1	0.02	0.51	1.36	2.62	1:1.93	27.6	4.4	0.0
