Minute Volume (lpm)	Tidal Volume (ml)	Base Flow (lpm)	PIF (lpm)	PEF (lpm)	PIP (cmH2O)	PEEP (cmH2O)	IPP (cmH2O)	MAP (cmH2O)	Breath Rate	In. Hold (sec)	Ex. Hold (sec)	In. Time (sec)	Ex. Time (sec)	I:E Ratio	Compliance (ml/cmH2O)	Min Airway Press	Assist Press	Time
1.342	68.8	-----	8.21	7.71	8.3	5.6	8.3	5.9	-15.0	0.32	1.79	1.37	2.62	1:1.91	17.6	4.2	1.4	13:09:02
1.242	61.9	-----	7.84	7.20	8.2	5.7	8.2	6.1	-15.1	0.36	1.83	1.37	2.61	1:1.91	16.7	4.3	1.4
1.185	58.0	-----	7.34	7.02	8.2	5.8	8.2	6.2	-15.0	0.38	1.87	1.38	2.62	1:1.90	17.0	4.4	1.4
1.127	55.9	-----	7.28	6.76	8.2	5.9	8.2	6.3	-15.0	0.41	1.87	1.38	2.61	1:1.89	16.9	4.6	1.3
1.103	55.3	-----	7.65	6.72	8.2	6.0	8.2	6.3	-15.0	0.42	1.86	1.38	2.61	1:1.89	16.7	4.6	1.4
1.094	55.4	-----	7.13	6.71	8.2	6.0	8.2	6.3	-15.1	0.42	1.85	1.38	2.60	1:1.88	16.7	4.7	1.3
1.095	55.1	-----	7.18	6.72	8.2	6.1	8.2	6.3	-15.1	0.43	1.85	1.39	2.59	1:1.86	16.6	4.6	1.5
1.069	54.2	-----	7.01	6.68	8.1	6.0	8.1	6.3	-15.0	0.46	1.87	1.38	2.61	1:1.89	16.9	4.7	1.3
1.096	55.9	-----	7.13	6.72	8.3	6.0	8.3	6.3	-15.0	0.42	1.86	1.39	2.61	1:1.88	16.4	4.6	1.4
1.091	56.1	-----	7.10	6.72	8.2	6.1	8.2	6.3	-15.0	0.43	1.85	1.38	2.61	1:1.89	17.0	4.6	1.5
1.099	54.5	-----	7.16	6.72	8.3	6.0	8.3	6.3	-15.0	0.42	1.88	1.39	2.61	1:1.88	16.0	4.7	1.3
1.093	54.9	-----	7.22	6.67	8.2	6.0	8.2	6.3	-15.0	0.43	1.86	1.38	2.61	1:1.89	16.6	4.6	1.4
1.082	54.6	-----	7.06	6.68	8.1	6.0	8.1	6.3	-15.1	0.45	1.86	1.38	2.60	1:1.88	16.5	4.6	1.4
1.109	54.4	-----	7.16	6.72	8.3	6.0	8.3	6.3	-15.1	0.42	1.86	1.39	2.59	1:1.86	15.5	4.6	1.4
1.089	54.4	-----	7.19	6.72	8.2	6.0	8.2	6.3	-15.0	0.44	1.87	1.39	2.61	1:1.88	16.0	4.6	1.4
1.102	53.2	-----	7.10	6.61	8.3	6.0	8.3	6.3	-15.0	0.41	1.90	1.38	2.62	1:1.90	15.6	4.6	1.4
