Minute Volume (lpm)	Tidal Volume (ml)	Base Flow (lpm)	PIF (lpm)	PEF (lpm)	PIP (cmH2O)	PEEP (cmH2O)	IPP (cmH2O)	MAP (cmH2O)	Breath Rate	In. Hold (sec)	Ex. Hold (sec)	In. Time (sec)	Ex. Time (sec)	I:E Ratio	Compliance (ml/cmH2O)	Min Airway Press	Assist Press	Time
1.980	46.3	-----	5.94	4.01	9.6	6.3	9.5	6.5	-15.0	0.13	1.62	1.61	2.39	1:1.48	9.0	4.2	2.1	13:11:58
1.977	46.2	-----	5.97	4.00	9.5	6.3	9.4	6.5	-15.1	0.13	1.61	1.60	2.38	1:1.49	9.0	4.2	2.1
1.981	46.6	-----	5.95	3.95	9.6	6.3	9.4	6.5	-15.0	0.12	1.62	1.60	2.40	1:1.50	9.3	4.2	2.1
1.978	46.6	-----	5.91	3.96	9.6	6.3	9.6	6.5	-15.0	0.13	1.61	1.60	2.39	1:1.49	8.7	4.2	2.1
1.984	46.2	-----	5.97	3.97	9.6	6.4	9.4	6.5	-15.0	0.13	1.62	1.61	2.39	1:1.48	9.2	4.2	2.2
1.981	46.9	-----	5.95	3.97	9.6	6.3	9.5	6.5	-15.0	0.13	1.61	1.60	2.39	1:1.49	9.1	4.2	2.1
1.977	46.2	-----	5.97	3.96	9.6	6.3	9.5	6.5	-15.0	0.13	1.62	1.60	2.39	1:1.49	9.0	4.2	2.1
1.979	46.4	-----	5.97	4.00	9.6	6.4	9.4	6.5	-15.1	0.13	1.61	1.60	2.38	1:1.49	9.2	4.2	2.2
1.980	46.8	-----	5.97	3.96	9.6	6.3	9.4	6.5	-15.0	0.13	1.61	1.61	2.39	1:1.48	9.3	4.2	2.1
1.987	46.6	-----	5.97	4.00	9.6	6.3	9.4	6.6	-15.1	0.13	1.59	1.60	2.37	1:1.48	9.3	4.2	2.1
1.969	46.8	-----	5.97	3.98	9.6	6.3	9.6	6.5	-15.0	0.13	1.61	1.60	2.39	1:1.49	9.0	4.2	2.1
1.979	46.9	-----	5.97	3.99	9.6	6.3	9.4	6.5	-15.1	0.12	1.61	1.59	2.39	1:1.50	9.1	4.2	2.1
1.984	46.7	-----	5.95	3.94	9.6	6.4	9.4	6.5	-15.0	0.13	1.60	1.61	2.38	1:1.48	9.1	4.2	2.2
