Minute Volume (lpm)	Tidal Volume (ml)	Base Flow (lpm)	PIF (lpm)	PEF (lpm)	PIP (cmH2O)	PEEP (cmH2O)	IPP (cmH2O)	MAP (cmH2O)	Breath Rate	In. Hold (sec)	Ex. Hold (sec)	In. Time (sec)	Ex. Time (sec)	I:E Ratio	Compliance (ml/cmH2O)	Min Airway Press	Assist Press	Time
4.842	404.9	-----	16.56	19.46	19.7	5.0	19.1	10.8	-15.0	0.02	0.02	1.41	2.58	1:1.83	29.5	5.0	0.0	13:17:32
4.906	403.5	-----	16.73	20.08	19.5	4.7	18.9	10.5	-15.0	0.01	0.03	1.41	2.59	1:1.84	29.8	4.7	0.0
4.959	402.4	-----	17.10	20.37	19.5	4.6	18.8	10.3	-15.0	0.02	0.04	1.41	2.58	1:1.83	29.3	4.6	0.0
4.991	401.0	-----	17.07	20.66	19.5	4.5	18.7	10.2	-15.1	0.02	0.06	1.41	2.57	1:1.82	28.6	4.5	0.0
4.971	400.4	-----	17.16	20.70	19.4	4.4	18.6	10.1	-15.0	0.01	0.07	1.41	2.59	1:1.84	29.2	4.4	0.0
4.992	397.8	-----	17.05	20.79	19.4	4.4	18.8	10.1	-15.0	0.02	0.09	1.41	2.58	1:1.83	28.6	4.4	0.0
5.000	400.2	-----	17.10	20.87	19.3	4.4	18.8	10.1	-15.0	0.02	0.07	1.41	2.58	1:1.83	29.0	4.4	0.0
4.991	399.0	-----	17.19	20.81	19.3	4.4	18.6	10.1	-15.1	0.01	0.09	1.40	2.58	1:1.84	28.9	4.4	0.0
4.981	400.3	-----	17.10	20.85	19.4	4.4	18.6	10.1	-15.0	0.01	0.07	1.40	2.59	1:1.85	29.0	4.4	0.0
4.981	398.4	-----	17.05	20.87	19.4	4.4	18.7	10.1	-15.0	0.02	0.10	1.41	2.59	1:1.84	29.0	4.4	0.0
5.023	397.0	-----	17.19	20.86	19.4	4.4	18.6	10.1	-15.1	0.01	0.08	1.40	2.57	1:1.84	28.5	4.4	0.0
4.978	399.9	-----	17.05	20.89	19.3	4.4	18.5	10.1	-15.0	0.01	0.07	1.41	2.59	1:1.84	29.6	4.4	0.0
4.986	397.6	-----	17.10	20.79	19.3	4.4	18.6	10.1	-15.0	0.02	0.09	1.41	2.58	1:1.83	28.4	4.4	0.0
4.948	397.1	-----	17.08	20.95	19.3	4.4	18.7	10.1	-15.0	0.02	0.12	1.40	2.59	1:1.85	28.9	4.4	0.0
