Minute Volume (lpm)	Tidal Volume (ml)	Base Flow (lpm)	PIF (lpm)	PEF (lpm)	PIP (cmH2O)	PEEP (cmH2O)	IPP (cmH2O)	MAP (cmH2O)	Breath Rate	In. Hold (sec)	Ex. Hold (sec)	In. Time (sec)	Ex. Time (sec)	I:E Ratio	Compliance (ml/cmH2O)	Min Airway Press	Assist Press	Time
3.390	249.2	-----	12.39	15.78	14.6	4.2	14.2	7.9	-15.0	0.02	0.75	1.38	2.61	1:1.89	25.6	4.2	0.0	13:18:50
3.373	249.5	-----	12.30	15.56	14.6	7.2	14.3	8.2	-15.1	0.02	0.63	1.38	2.59	1:1.88	25.9	4.3	2.9
3.338	250.4	-----	12.18	15.34	14.6	7.4	14.5	8.3	-15.0	0.02	0.60	1.39	2.60	1:1.87	25.2	4.4	3.0
3.306	251.4	-----	12.09	15.34	14.6	7.4	14.5	8.3	-15.0	0.02	0.58	1.39	2.60	1:1.87	25.3	4.4	3.0
3.298	249.5	-----	12.03	15.26	14.6	7.5	14.5	8.3	-15.0	0.03	0.60	1.40	2.60	1:1.86	25.9	4.4	3.1
3.313	249.2	-----	12.02	15.21	14.6	7.6	14.5	8.4	-15.1	0.03	0.58	1.40	2.58	1:1.84	25.4	4.4	3.2
3.281	250.3	-----	11.96	15.18	14.7	7.5	14.5	8.4	-15.0	0.02	0.58	1.39	2.60	1:1.87	25.8	4.5	3.0
3.285	249.8	-----	11.99	15.18	14.7	7.6	14.6	8.4	-15.0	0.03	0.58	1.40	2.60	1:1.86	25.7	4.5	3.1
3.290	250.5	-----	11.94	15.20	14.7	7.6	14.5	8.4	-15.0	0.02	0.57	1.39	2.60	1:1.87	25.5	4.5	3.1
3.284	250.1	-----	12.01	15.17	14.7	7.6	14.6	8.4	-15.0	0.03	0.57	1.40	2.59	1:1.85	25.7	4.5	3.1
3.298	249.0	-----	11.94	15.17	14.7	7.5	14.5	8.4	-15.1	0.03	0.58	1.40	2.58	1:1.84	25.4	4.5	3.0
3.287	249.2	-----	11.98	15.21	14.7	7.6	14.6	8.4	-15.0	0.03	0.58	1.40	2.59	1:1.85	25.1	4.5	3.1
3.275	249.6	-----	11.96	15.20	14.7	7.5	14.5	8.4	-15.1	0.02	0.57	1.39	2.59	1:1.86	26.0	4.4	3.1
3.273	249.0	-----	11.90	15.20	14.7	7.5	14.6	8.4	-15.0	0.03	0.59	1.39	2.60	1:1.87	25.6	4.4	3.1
3.271	249.3	-----	12.03	15.10	14.7	7.6	14.5	8.4	-15.1	0.02	0.59	1.38	2.60	1:1.88	25.9	4.5	3.1
3.254	250.1	-----	11.93	15.10	14.8	7.5	14.6	8.4	-15.1	0.03	0.58	1.38	2.60	1:1.88	25.7	4.5	3.0
3.268	248.3	-----	11.94	15.20	14.7	7.5	14.6	8.4	-15.1	0.03	0.58	1.39	2.59	1:1.86	25.0	4.5	3.0
3.272	249.1	-----	11.93	15.23	14.7	7.6	14.5	8.4	-15.0	0.02	0.60	1.39	2.60	1:1.87	25.6	4.4	3.2
3.285	248.8	-----	11.96	15.23	14.8	7.5	14.6	8.4	-15.0	0.03	0.59	1.40	2.59	1:1.85	25.6	4.4	3.1
3.284	250.4	-----	12.01	15.20	14.7	7.6	14.5	8.4	-15.0	0.02	0.56	1.39	2.60	1:1.87	25.2	4.4	3.2
3.266	248.3	-----	11.90	15.10	14.8	7.6	14.5	8.4	-15.0	0.02	0.60	1.39	2.60	1:1.87	25.8	4.5	3.1
