Minute Volume (lpm)	Tidal Volume (ml)	Base Flow (lpm)	PIF (lpm)	PEF (lpm)	PIP (cmH2O)	PEEP (cmH2O)	IPP (cmH2O)	MAP (cmH2O)	Breath Rate	In. Hold (sec)	Ex. Hold (sec)	In. Time (sec)	Ex. Time (sec)	I:E Ratio	Compliance (ml/cmH2O)	Min Airway Press	Assist Press	Time
1.117	48.5	-----	5.46	6.31	7.8	5.5	7.8	5.8	-15.0	0.29	1.93	1.39	2.60	1:1.87	14.6	4.2	1.3	13:20:38
1.056	45.7	-----	5.09	5.92	7.8	5.6	7.8	5.9	-15.0	0.31	1.96	1.39	2.61	1:1.88	14.7	4.4	1.2
0.998	44.0	-----	5.06	5.78	7.9	5.7	7.9	6.0	-15.0	0.35	1.96	1.39	2.60	1:1.87	13.7	4.6	1.1
0.966	42.6	-----	4.94	5.63	7.9	5.8	7.9	6.1	-15.0	0.36	1.97	1.39	2.60	1:1.87	13.7	4.7	1.1
0.945	43.6	-----	4.88	5.67	7.9	5.9	7.9	6.1	-15.1	0.37	1.94	1.39	2.59	1:1.86	14.5	4.7	1.2
0.965	44.7	-----	4.85	5.73	8.0	5.8	8.0	6.1	-15.1	0.32	1.94	1.37	2.60	1:1.90	14.4	4.7	1.1
0.945	43.0	-----	4.85	5.65	7.9	5.8	7.9	6.1	-15.1	0.37	1.95	1.39	2.59	1:1.86	13.8	4.7	1.1
0.963	42.9	-----	4.78	5.66	7.9	5.8	7.9	6.1	-15.1	0.35	1.95	1.39	2.59	1:1.86	14.3	4.7	1.1
0.949	43.5	-----	4.85	5.63	7.9	5.9	7.9	6.1	-15.1	0.37	1.94	1.39	2.59	1:1.86	14.0	4.7	1.2
0.919	42.7	-----	4.97	5.61	7.7	5.8	7.7	6.1	-15.0	0.42	1.96	1.40	2.60	1:1.86	-----	4.7	1.1
0.964	43.9	-----	4.78	5.70	7.9	5.9	7.9	6.1	-15.1	0.34	1.95	1.38	2.60	1:1.88	14.6	4.6	1.3
0.942	41.7	-----	4.85	5.57	7.9	5.9	7.9	6.1	-15.1	0.37	1.98	1.38	2.60	1:1.88	13.9	4.7	1.2
0.968	43.6	-----	4.91	5.61	8.0	5.9	8.0	6.1	-15.0	0.34	1.95	1.39	2.60	1:1.87	13.6	4.6	1.3
0.951	43.0	-----	4.82	5.64	7.9	5.9	7.9	6.1	-15.0	0.37	1.96	1.40	2.60	1:1.86	14.3	4.7	1.2
