Minute Volume (lpm)	Tidal Volume (ml)	Base Flow (lpm)	PIF (lpm)	PEF (lpm)	PIP (cmH2O)	PEEP (cmH2O)	IPP (cmH2O)	MAP (cmH2O)	Breath Rate	In. Hold (sec)	Ex. Hold (sec)	In. Time (sec)	Ex. Time (sec)	I:E Ratio	Compliance (ml/cmH2O)	Min Airway Press	Assist Press	Time
6.814	542.2	-----	25.14	24.61	23.0	4.9	21.1	12.6	-15.0	0.01	0.02	1.40	2.60	1:1.86	34.7	4.9	0.0	13:22:43
6.902	542.1	-----	25.50	25.23	23.0	4.7	21.1	12.3	-15.0	0.01	0.02	1.39	2.60	1:1.87	34.7	4.7	0.0
6.941	544.6	-----	25.67	25.37	22.9	4.6	20.9	12.2	-15.0	0.01	0.01	1.39	2.60	1:1.87	34.2	4.6	0.0
6.968	541.6	-----	25.75	25.44	22.9	4.5	21.0	12.1	-15.0	0.01	0.02	1.39	2.60	1:1.87	34.9	4.5	0.0
6.978	545.0	-----	25.85	25.74	22.9	4.4	20.8	12.1	-15.0	0.01	0.01	1.39	2.60	1:1.87	34.2	4.4	0.0
6.992	544.9	-----	25.75	25.82	22.9	4.4	20.9	12.1	-15.0	0.01	0.01	1.39	2.60	1:1.87	34.0	4.4	0.0
6.984	545.5	-----	25.90	25.85	22.9	4.4	20.9	12.0	-15.0	0.01	0.02	1.39	2.61	1:1.88	34.7	4.4	0.0
7.003	543.5	-----	25.90	25.94	22.9	4.4	20.8	12.0	-15.0	0.01	0.02	1.39	2.60	1:1.87	35.2	4.4	0.0
6.984	545.3	-----	25.87	25.79	22.9	4.4	20.8	12.0	-15.1	0.01	0.02	1.38	2.60	1:1.88	34.5	4.4	0.0
7.015	544.6	-----	25.78	25.79	22.9	4.4	20.8	12.0	-15.0	0.01	0.02	1.39	2.60	1:1.87	34.6	4.4	0.0
7.032	544.5	-----	25.90	25.87	22.8	4.4	20.8	12.0	-15.1	0.01	0.02	1.39	2.59	1:1.86	34.2	4.4	0.0
7.009	546.4	-----	25.96	25.90	22.8	4.4	20.9	12.0	-15.0	0.01	0.02	1.39	2.61	1:1.88	35.2	4.4	0.0
7.018	546.6	-----	25.93	25.97	22.8	4.4	20.8	12.0	-15.0	0.01	0.01	1.39	2.60	1:1.87	34.1	4.4	0.0
6.981	545.8	-----	25.90	25.97	22.8	4.4	20.9	12.0	-15.1	0.01	0.02	1.38	2.60	1:1.88	34.5	4.4	0.0
7.028	545.8	-----	25.90	25.85	22.8	4.4	20.9	12.0	-15.0	0.01	0.01	1.39	2.60	1:1.87	33.9	4.4	0.0
7.015	546.3	-----	25.96	26.02	22.8	4.4	21.0	12.0	-15.0	0.01	0.02	1.39	2.61	1:1.88	34.1	4.4	0.0
7.040	547.0	-----	26.02	25.87	22.8	4.4	21.0	12.0	-15.0	0.01	0.01	1.39	2.60	1:1.87	33.7	4.4	0.0
