Minute Volume (lpm)	Tidal Volume (ml)	Base Flow (lpm)	PIF (lpm)	PEF (lpm)	PIP (cmH2O)	PEEP (cmH2O)	IPP (cmH2O)	MAP (cmH2O)	Breath Rate	In. Hold (sec)	Ex. Hold (sec)	In. Time (sec)	Ex. Time (sec)	I:E Ratio	Compliance (ml/cmH2O)	Min Airway Press	Assist Press	Time
4.410	325.2	-----	19.06	20.25	16.8	3.9	16.5	8.8	-15.0	0.02	0.60	1.37	2.62	1:1.91	26.6	3.9	0.0	13:24:09
4.356	322.2	-----	18.87	19.83	16.8	4.2	16.6	9.0	-15.0	0.02	0.59	1.37	2.62	1:1.91	26.6	4.2	0.0
4.285	320.7	-----	18.73	19.28	16.9	4.2	16.7	9.2	-15.0	0.02	0.57	1.37	2.63	1:1.92	27.6	4.2	0.0
4.209	318.4	-----	18.42	18.80	16.8	4.4	16.6	9.3	-15.1	0.02	0.55	1.36	2.62	1:1.93	27.2	4.4	0.0
4.206	319.9	-----	18.31	18.76	16.9	4.4	16.7	9.4	-15.0	0.02	0.45	1.37	2.62	1:1.91	27.5	4.4	0.0
4.183	321.2	-----	18.06	18.80	16.9	4.4	16.7	9.4	-15.0	0.02	0.44	1.37	2.62	1:1.91	26.9	4.4	0.0
4.154	315.6	-----	18.17	18.67	16.9	4.4	16.7	9.4	-15.0	0.02	0.56	1.37	2.62	1:1.91	26.5	4.4	0.0
4.183	318.9	-----	18.17	18.67	16.9	4.5	16.7	9.5	-15.0	0.02	0.44	1.38	2.61	1:1.89	26.7	4.5	0.0
4.177	320.5	-----	18.23	18.67	17.0	4.4	16.7	9.4	-15.0	0.02	0.42	1.38	2.61	1:1.89	26.7	4.4	0.0
4.183	315.7	-----	18.09	18.67	16.9	4.5	16.7	9.4	-15.0	0.02	0.53	1.38	2.61	1:1.89	27.2	4.5	0.0
4.165	319.3	-----	18.00	18.70	16.9	4.5	16.7	9.5	-15.0	0.02	0.44	1.37	2.62	1:1.91	27.5	4.5	0.0
4.147	320.0	-----	18.12	18.64	17.0	4.5	16.7	9.4	-15.0	0.02	0.44	1.37	2.62	1:1.91	27.5	4.5	0.0
4.168	314.9	-----	17.97	18.61	16.8	4.5	16.6	9.4	-15.1	0.02	0.51	1.37	2.60	1:1.90	26.9	4.5	0.0
4.159	315.1	-----	18.17	18.67	16.9	4.4	16.7	9.4	-15.0	0.02	0.54	1.38	2.61	1:1.89	26.4	4.4	0.0
4.166	318.2	-----	18.00	18.64	16.9	4.4	16.7	9.5	-15.0	0.02	0.44	1.38	2.61	1:1.89	27.6	4.4	0.0
4.139	319.1	-----	17.92	18.59	16.9	4.4	16.7	9.4	-15.0	0.02	0.46	1.36	2.63	1:1.93	27.7	4.4	0.0
