Minute Volume (lpm)	Tidal Volume (ml)	Base Flow (lpm)	PIF (lpm)	PEF (lpm)	PIP (cmH2O)	PEEP (cmH2O)	IPP (cmH2O)	MAP (cmH2O)	Breath Rate	In. Hold (sec)	Ex. Hold (sec)	In. Time (sec)	Ex. Time (sec)	I:E Ratio	Compliance (ml/cmH2O)	Min Airway Press	Assist Press	Time
1.348	66.8	-----	7.67	7.59	8.3	5.7	8.3	6.0	-15.0	0.28	1.79	1.38	2.61	1:1.89	18.0	4.2	1.5	13:25:37
1.236	59.8	-----	7.24	7.15	8.3	5.7	8.2	6.1	-15.0	0.35	1.86	1.38	2.62	1:1.90	17.0	4.4	1.3
1.173	56.7	-----	7.15	6.86	8.3	5.9	8.3	6.2	-15.0	0.37	1.87	1.38	2.62	1:1.90	16.6	4.5	1.4
1.129	53.6	-----	6.94	6.49	8.2	6.0	8.2	6.3	-15.0	0.39	1.88	1.38	2.61	1:1.89	16.2	4.7	1.3
1.111	53.1	-----	6.78	6.57	8.3	6.1	8.3	6.3	-15.0	0.39	1.88	1.38	2.61	1:1.89	15.6	4.7	1.4
1.087	54.1	-----	6.81	6.64	8.3	6.1	8.3	6.3	-15.0	0.41	1.87	1.38	2.61	1:1.89	15.9	4.7	1.4
1.089	54.0	-----	6.90	6.67	8.2	6.1	8.2	6.3	-15.0	0.42	1.87	1.39	2.61	1:1.88	16.3	4.7	1.4
1.108	54.3	-----	6.81	6.64	8.3	6.1	8.3	6.3	-15.0	0.39	1.87	1.38	2.61	1:1.89	15.9	4.7	1.4
1.079	53.3	-----	6.90	6.57	8.2	6.0	8.2	6.3	-15.0	0.43	1.88	1.38	2.61	1:1.89	16.1	4.7	1.3
1.109	54.1	-----	6.81	6.60	8.4	6.1	8.4	6.3	-15.0	0.40	1.86	1.39	2.60	1:1.87	15.4	4.7	1.4
1.107	53.7	-----	6.81	6.57	8.3	6.1	8.2	6.3	-15.0	0.40	1.87	1.39	2.61	1:1.88	16.2	4.7	1.4
1.124	55.8	-----	6.87	6.67	8.3	6.0	8.3	6.3	-15.1	0.37	1.84	1.38	2.60	1:1.88	15.9	4.7	1.3
1.106	53.2	-----	6.81	6.57	8.3	6.0	8.3	6.3	-15.1	0.39	1.87	1.38	2.60	1:1.88	15.2	4.6	1.4
1.102	52.7	-----	6.90	6.57	8.3	6.0	8.3	6.3	-15.0	0.41	1.88	1.39	2.60	1:1.87	15.5	4.7	1.3
1.105	53.8	-----	6.78	6.57	8.3	6.0	8.2	6.3	-15.1	0.40	1.86	1.38	2.60	1:1.88	15.8	4.7	1.3
1.096	53.2	-----	6.90	6.49	8.2	6.0	8.2	6.3	-15.0	0.41	1.88	1.39	2.61	1:1.88	16.1	4.7	1.3
1.103	54.6	-----	6.90	6.60	8.3	6.1	8.3	6.3	-15.0	0.41	1.85	1.39	2.60	1:1.87	16.0	4.7	1.4
1.100	54.3	-----	6.90	6.57	8.3	6.1	8.3	6.3	-15.0	0.40	1.86	1.38	2.61	1:1.89	15.9	4.7	1.4
