Minute Volume (lpm)	Tidal Volume (ml)	Base Flow (lpm)	PIF (lpm)	PEF (lpm)	PIP (cmH2O)	PEEP (cmH2O)	IPP (cmH2O)	MAP (cmH2O)	Breath Rate	In. Hold (sec)	Ex. Hold (sec)	In. Time (sec)	Ex. Time (sec)	I:E Ratio	Compliance (ml/cmH2O)	Min Airway Press	Assist Press	Time
5.622	479.7	-----	22.49	21.15	21.9	5.3	21.3	12.3	-15.0	0.03	0.02	1.39	2.60	1:1.87	30.7	5.3	0.0	13:28:45
5.787	488.4	-----	23.10	22.40	21.8	4.7	21.1	11.8	-15.0	0.02	0.02	1.39	2.61	1:1.88	30.9	4.7	0.0
5.935	490.5	-----	23.74	23.16	21.7	4.4	21.1	11.5	-15.0	0.02	0.03	1.38	2.61	1:1.89	30.4	4.4	0.0
6.007	492.0	-----	24.20	23.53	21.7	4.2	21.0	11.3	-15.1	0.01	0.02	1.37	2.61	1:1.91	30.1	4.2	0.0
6.063	492.3	-----	24.28	23.98	21.7	4.2	21.0	11.2	-15.0	0.02	0.02	1.38	2.61	1:1.89	29.6	4.2	0.0
6.070	492.3	-----	24.23	24.14	21.7	4.2	21.0	11.1	-15.0	0.01	0.02	1.38	2.62	1:1.90	29.8	4.2	0.0
6.088	491.2	-----	24.37	24.19	21.7	4.2	21.0	11.1	-15.0	0.02	0.02	1.38	2.61	1:1.89	29.9	4.2	0.0
6.093	491.3	-----	24.43	24.23	21.7	4.2	20.9	11.1	-15.0	0.02	0.02	1.38	2.61	1:1.89	29.5	4.2	0.0
6.085	491.8	-----	24.43	24.33	21.7	4.2	20.9	11.1	-15.0	0.01	0.02	1.38	2.62	1:1.90	29.9	4.2	0.0
6.100	490.9	-----	24.40	24.26	21.7	4.2	20.9	11.1	-15.0	0.01	0.02	1.38	2.61	1:1.89	29.9	4.2	0.0
6.085	491.2	-----	24.48	24.30	21.7	4.2	20.9	11.1	-15.0	0.01	0.03	1.38	2.62	1:1.90	30.1	4.2	0.0
6.108	489.0	-----	24.34	24.32	21.7	4.2	20.8	11.1	-15.1	0.02	0.02	1.38	2.60	1:1.88	29.6	4.2	0.0
