Minute Volume (lpm)	Tidal Volume (ml)	Base Flow (lpm)	PIF (lpm)	PEF (lpm)	PIP (cmH2O)	PEEP (cmH2O)	IPP (cmH2O)	MAP (cmH2O)	Breath Rate	In. Hold (sec)	Ex. Hold (sec)	In. Time (sec)	Ex. Time (sec)	I:E Ratio	Compliance (ml/cmH2O)	Min Airway Press	Assist Press	Time
0.763	25.5	-----	3.86	4.60	6.3	4.9	6.3	4.9	-15.0	0.44	2.20	1.39	2.60	1:1.87	-----	3.7	1.2	13:30:53
0.709	21.4	-----	3.68	4.35	6.4	4.8	6.4	5.0	-15.0	0.48	2.24	1.40	2.59	1:1.85	-----	3.9	0.9
0.621	18.8	-----	3.44	4.11	6.2	5.0	6.2	5.2	-15.0	0.57	2.27	1.40	2.59	1:1.85	-----	4.1	0.9
0.550	15.4	-----	3.27	3.92	6.1	5.1	6.1	5.2	-14.7	0.64	2.34	1.42	2.67	1:1.88	-----	4.2	0.9
0.467	15.1	-----	3.30	3.85	6.1	5.2	6.1	5.3	-15.4	0.68	2.31	1.32	2.58	1:1.95	-----	4.2	1.0
0.501	14.3	-----	3.05	3.77	6.1	5.2	6.1	5.3	-14.7	0.67	2.35	1.41	2.67	1:1.89	-----	4.2	1.0
0.448	14.4	-----	3.13	3.85	6.1	5.2	6.1	5.3	-15.0	0.69	2.34	1.33	2.66	1:2.00	-----	4.2	1.0
0.440	14.2	-----	3.16	3.80	6.2	5.2	6.2	5.3	-15.0	0.69	2.35	1.32	2.67	1:2.02	-----	4.2	1.0
0.452	14.2	-----	3.18	3.82	6.0	5.2	6.0	5.3	-15.3	0.69	2.33	1.32	2.59	1:1.96	-----	4.2	1.0
0.536	14.5	-----	3.09	3.86	6.1	5.2	6.1	5.3	-15.1	0.64	2.31	1.41	2.57	1:1.82	-----	4.2	1.0
0.527	14.2	-----	3.11	3.78	6.2	5.2	6.1	5.3	-15.0	0.64	2.33	1.40	2.59	1:1.85	-----	4.2	1.0
0.527	14.3	-----	3.09	3.80	6.2	5.2	6.2	5.3	-15.0	0.64	2.33	1.40	2.59	1:1.85	-----	4.2	1.0
0.476	13.7	-----	3.15	3.80	6.0	5.2	6.0	5.3	-14.7	0.72	2.36	1.41	2.67	1:1.89	-----	4.2	1.0
0.461	15.2	-----	3.17	3.91	6.0	5.2	6.0	5.3	-15.3	0.68	2.32	1.32	2.59	1:1.96	-----	4.2	1.0
0.492	13.8	-----	3.11	3.82	6.0	5.2	6.0	5.3	-15.1	0.70	2.33	1.40	2.58	1:1.84	-----	4.2	1.0
0.486	14.3	-----	3.12	3.84	6.0	5.2	6.0	5.3	-15.0	0.72	2.33	1.41	2.59	1:1.84	-----	4.2	1.0
0.494	14.5	-----	3.14	3.86	6.0	5.2	6.0	5.3	-15.1	0.71	2.31	1.41	2.57	1:1.82	-----	4.2	1.0
0.508	13.7	-----	3.11	3.80	6.1	5.2	6.1	5.3	-15.0	0.68	2.34	1.41	2.59	1:1.84	-----	4.2	1.0
0.498	14.4	-----	3.10	3.85	6.1	5.2	6.1	5.3	-15.1	0.70	2.31	1.41	2.57	1:1.82	-----	4.2	1.0
0.491	12.4	-----	3.12	3.71	6.1	5.2	6.1	5.3	-15.0	0.72	2.34	1.42	2.57	1:1.81	-----	4.2	1.0
