Minute Volume (lpm)	Tidal Volume (ml)	Base Flow (lpm)	PIF (lpm)	PEF (lpm)	PIP (cmH2O)	PEEP (cmH2O)	IPP (cmH2O)	MAP (cmH2O)	Breath Rate	In. Hold (sec)	Ex. Hold (sec)	In. Time (sec)	Ex. Time (sec)	I:E Ratio	Compliance (ml/cmH2O)	Min Airway Press	Assist Press	Time
1.329	59.4	-----	8.45	6.20	8.5	6.1	8.5	6.4	-15.0	0.43	1.78	1.39	2.61	1:1.88	16.5	4.6	1.5	13:43:48
1.221	55.5	-----	8.30	5.83	8.3	6.1	8.3	6.4	-15.1	0.53	1.79	1.39	2.59	1:1.86	16.3	4.7	1.4
1.210	55.1	-----	8.16	5.83	8.3	6.1	8.3	6.4	-15.0	0.52	1.80	1.39	2.60	1:1.87	16.2	4.7	1.4
1.231	55.8	-----	7.99	5.87	8.5	6.1	8.5	6.4	-15.1	0.48	1.79	1.39	2.59	1:1.86	15.0	4.6	1.5
1.193	54.8	-----	7.96	5.83	8.3	6.1	8.3	6.4	-15.1	0.52	1.80	1.39	2.59	1:1.86	15.6	4.6	1.5
1.236	57.1	-----	8.01	5.91	8.5	6.1	8.5	6.4	-15.0	0.48	1.78	1.39	2.60	1:1.87	15.4	4.7	1.4
1.243	56.6	-----	8.11	6.02	8.5	6.1	8.4	6.4	-15.0	0.46	1.79	1.39	2.60	1:1.87	16.1	4.7	1.4
1.227	56.4	-----	8.08	5.72	8.3	4.7	8.3	6.4	-15.1	0.49	1.76	1.39	2.59	1:1.86	16.5	4.7	0.0
1.174	52.2	-----	8.08	5.45	8.2	6.1	8.2	6.4	-15.0	0.57	1.81	1.40	2.59	1:1.85	15.8	4.7	1.4
1.159	52.9	-----	8.11	5.52	8.2	6.1	8.2	6.4	-15.0	0.57	1.82	1.40	2.60	1:1.86	16.0	4.7	1.4
1.163	52.4	-----	8.02	5.51	8.3	6.2	8.3	6.4	-15.0	0.54	1.82	1.39	2.60	1:1.87	15.4	4.7	1.5
1.157	52.7	-----	8.05	5.52	8.2	6.1	8.1	6.4	-15.0	0.57	1.82	1.39	2.60	1:1.87	16.4	4.6	1.5
1.197	54.3	-----	7.90	5.68	8.3	6.1	8.3	6.4	-15.0	0.51	1.81	1.40	2.60	1:1.86	15.5	4.6	1.5
1.174	52.8	-----	8.18	5.57	8.2	6.2	8.1	6.4	-15.1	0.57	1.80	1.40	2.58	1:1.84	16.0	4.7	1.5
1.233	55.0	-----	8.11	5.83	8.5	6.1	8.5	6.4	-15.0	0.46	1.81	1.40	2.60	1:1.86	14.8	4.7	1.4
1.206	53.9	-----	8.14	5.66	8.3	6.1	8.3	6.4	-15.0	0.50	1.80	1.40	2.59	1:1.85	15.4	4.7	1.4
1.192	54.4	-----	8.08	5.72	8.3	6.1	8.3	6.4	-15.0	0.51	1.81	1.39	2.60	1:1.87	15.5	4.7	1.4
1.207	54.0	-----	8.11	5.71	8.3	6.1	8.3	6.4	-15.0	0.50	1.81	1.40	2.59	1:1.85	15.4	4.7	1.4
