Minute Volume (lpm)	Tidal Volume (ml)	Base Flow (lpm)	PIF (lpm)	PEF (lpm)	PIP (cmH2O)	PEEP (cmH2O)	IPP (cmH2O)	MAP (cmH2O)	Breath Rate	In. Hold (sec)	Ex. Hold (sec)	In. Time (sec)	Ex. Time (sec)	I:E Ratio	Compliance (ml/cmH2O)	Min Airway Press	Assist Press	Time
1.258	186.6	-----	4.15	11.03	10.3	6.4	10.3	6.7	-15.1	0.09	0.49	1.43	2.55	1:1.78	35.2	4.6	1.8	13:46:14
1.261	187.1	-----	4.14	10.95	10.2	6.4	10.2	6.7	-15.0	0.09	0.49	1.43	2.56	1:1.79	35.3	4.5	1.9
1.261	184.8	-----	4.14	10.95	10.2	6.3	10.2	6.7	-15.1	0.09	0.50	1.42	2.55	1:1.80	34.8	4.5	1.8
1.254	184.2	-----	4.15	10.88	10.2	6.2	10.2	6.6	-15.0	0.09	0.53	1.42	2.57	1:1.81	34.7	4.5	1.7
1.266	182.9	-----	4.12	10.88	10.2	6.3	10.1	6.7	-15.1	0.09	0.52	1.43	2.54	1:1.78	35.1	4.5	1.8
1.260	183.4	-----	4.18	10.92	10.2	6.2	10.2	6.7	-15.1	0.09	0.53	1.43	2.55	1:1.78	34.6	4.4	1.8
1.263	184.6	-----	4.15	10.92	10.2	6.3	10.2	6.7	-15.0	0.09	0.52	1.44	2.55	1:1.77	34.8	4.5	1.8
1.265	183.1	-----	4.15	10.85	10.1	6.3	10.1	6.7	-15.2	0.09	0.48	1.43	2.53	1:1.77	35.2	4.5	1.8
1.242	182.6	-----	4.12	10.92	10.1	6.2	10.1	6.6	-15.0	0.10	0.54	1.43	2.56	1:1.79	35.1	4.5	1.7
1.249	182.6	-----	4.12	10.81	10.1	6.2	10.1	6.7	-15.0	0.10	0.53	1.44	2.55	1:1.77	35.1	4.5	1.7
1.245	181.9	-----	4.12	10.81	10.1	6.2	10.1	6.7	-15.1	0.09	0.54	1.42	2.56	1:1.80	34.9	4.6	1.6
1.248	181.6	-----	4.12	10.88	10.1	6.3	10.1	6.7	-15.0	0.09	0.55	1.43	2.56	1:1.79	34.9	4.5	1.8
1.251	181.1	-----	4.12	10.81	10.2	6.3	10.2	6.7	-15.1	0.09	0.53	1.43	2.54	1:1.78	34.1	4.5	1.8
1.234	179.7	-----	4.09	10.77	10.1	6.2	10.1	6.7	-15.2	0.10	0.54	1.42	2.54	1:1.79	34.5	4.5	1.7
1.231	181.6	-----	4.06	10.77	10.1	6.1	10.1	6.7	-15.1	0.09	0.53	1.41	2.56	1:1.82	34.9	4.5	1.6
1.230	181.4	-----	4.09	10.73	10.1	6.2	10.1	6.7	-15.1	0.10	0.53	1.42	2.55	1:1.80	34.8	4.5	1.7
