Minute Volume (lpm)	Tidal Volume (ml)	Base Flow (lpm)	PIF (lpm)	PEF (lpm)	PIP (cmH2O)	PEEP (cmH2O)	IPP (cmH2O)	MAP (cmH2O)	Breath Rate	In. Hold (sec)	Ex. Hold (sec)	In. Time (sec)	Ex. Time (sec)	I:E Ratio	Compliance (ml/cmH2O)	Min Airway Press	Assist Press	Time
2.135	111.6	-----	6.31	8.24	10.9	4.6	10.9	7.1	-15.0	0.05	1.17	1.57	2.42	1:1.54	18.0	4.6	0.0	13:50:32
2.132	110.7	-----	6.31	8.39	10.8	4.6	10.8	7.0	-15.0	0.05	1.18	1.57	2.42	1:1.54	18.1	4.6	0.0
2.132	110.9	-----	6.25	8.39	10.9	4.6	10.8	7.0	-15.0	0.05	1.17	1.57	2.42	1:1.54	18.1	4.6	0.0
2.131	110.6	-----	6.28	8.43	10.8	4.5	10.7	7.0	-15.1	0.04	1.18	1.56	2.42	1:1.55	18.4	4.5	0.0
2.134	110.2	-----	6.31	8.50	10.8	6.6	10.7	7.0	-15.0	0.04	1.19	1.57	2.43	1:1.55	18.3	4.6	2.0
2.136	109.9	-----	6.31	8.61	10.8	6.5	10.7	7.0	-15.1	0.05	1.18	1.57	2.41	1:1.54	18.3	4.5	2.0
2.118	110.5	-----	6.25	8.61	10.9	6.6	10.9	7.0	-15.0	0.04	1.18	1.56	2.43	1:1.56	17.8	4.5	2.1
2.121	110.5	-----	6.25	8.61	10.8	6.5	10.7	7.0	-15.0	0.04	1.18	1.56	2.43	1:1.56	18.4	4.6	1.9
2.124	109.9	-----	6.22	8.68	10.8	6.5	10.7	7.0	-15.0	0.04	1.18	1.57	2.42	1:1.54	18.3	4.5	2.0
2.126	109.4	-----	6.28	8.68	10.8	6.6	10.7	7.0	-15.0	0.04	1.18	1.57	2.42	1:1.54	18.2	4.5	2.1
2.111	110.0	-----	6.22	8.72	10.8	6.6	10.7	7.0	-15.0	0.04	1.18	1.56	2.43	1:1.56	18.3	4.5	2.1
2.123	109.2	-----	6.25	8.83	10.8	6.6	10.7	7.0	-15.0	0.04	1.18	1.57	2.42	1:1.54	18.2	4.6	2.0
2.116	109.8	-----	6.22	8.83	10.8	6.6	10.7	7.0	-15.0	0.04	1.18	1.57	2.43	1:1.55	18.3	4.6	2.0
2.118	109.2	-----	6.22	8.80	10.8	6.6	10.8	7.0	-15.1	0.05	1.17	1.57	2.41	1:1.54	17.9	4.5	2.1
2.108	110.2	-----	6.22	8.94	10.8	6.6	10.8	7.0	-15.0	0.04	1.17	1.56	2.43	1:1.56	18.0	4.6	2.0
2.112	109.5	-----	6.19	8.87	10.8	6.6	10.7	7.0	-15.0	0.04	1.17	1.57	2.42	1:1.54	18.2	4.6	2.0
2.111	109.3	-----	6.19	8.86	10.8	6.5	10.7	7.0	-15.0	0.04	1.17	1.57	2.42	1:1.54	18.2	4.6	1.9
2.112	108.9	-----	6.22	8.91	10.8	6.6	10.7	7.0	-15.0	0.04	1.17	1.57	2.42	1:1.54	18.1	4.6	2.0
2.118	107.7	-----	6.19	8.83	10.8	6.6	10.7	7.0	-15.1	0.04	1.18	1.57	2.41	1:1.54	17.9	4.6	2.0
