Minute Volume (lpm)	Tidal Volume (ml)	Base Flow (lpm)	PIF (lpm)	PEF (lpm)	PIP (cmH2O)	PEEP (cmH2O)	IPP (cmH2O)	MAP (cmH2O)	Breath Rate	In. Hold (sec)	Ex. Hold (sec)	In. Time (sec)	Ex. Time (sec)	I:E Ratio	Compliance (ml/cmH2O)	Min Airway Press	Assist Press	Time
5.329	383.1	-----	18.36	22.50	20.3	5.0	19.5	10.6	-15.0	0.02	0.46	1.42	2.57	1:1.81	27.1	5.0	0.0	13:52:51
5.302	388.8	-----	18.34	23.16	20.3	4.8	19.6	10.5	-15.0	0.02	0.47	1.42	2.57	1:1.81	27.1	4.8	0.0
5.323	387.9	-----	18.55	23.29	20.3	4.7	19.6	10.4	-15.0	0.02	0.50	1.42	2.58	1:1.82	27.1	4.7	0.0
5.350	387.5	-----	18.40	23.29	20.3	4.6	19.5	10.3	-15.0	0.02	0.50	1.42	2.57	1:1.81	26.7	4.6	0.0
5.365	387.0	-----	18.61	23.35	20.2	4.7	19.5	10.3	-15.0	0.02	0.51	1.42	2.57	1:1.81	26.6	4.7	0.0
5.363	387.2	-----	18.53	23.40	20.2	4.7	19.5	10.3	-15.1	0.02	0.50	1.41	2.56	1:1.82	26.3	4.7	0.0
5.380	386.7	-----	18.50	23.40	20.1	4.6	19.4	10.2	-15.0	0.01	0.51	1.42	2.57	1:1.81	26.4	4.6	0.0
5.370	387.7	-----	18.64	23.42	20.1	4.6	19.5	10.2	-15.0	0.01	0.51	1.42	2.58	1:1.82	26.9	4.6	0.0
5.375	386.2	-----	18.55	23.46	20.1	4.5	19.5	10.2	-15.0	0.02	0.53	1.42	2.57	1:1.81	26.2	4.5	0.0
5.370	386.2	-----	18.64	23.44	20.1	4.6	19.4	10.2	-15.0	0.01	0.53	1.42	2.58	1:1.82	27.0	4.6	0.0
5.364	386.6	-----	18.48	23.46	20.1	4.6	19.5	10.2	-15.0	0.02	0.52	1.42	2.58	1:1.82	26.8	4.6	0.0
5.387	386.1	-----	18.64	23.44	20.1	4.6	19.5	10.2	-15.1	0.02	0.52	1.42	2.56	1:1.80	26.2	4.6	0.0
5.393	385.0	-----	18.64	23.51	20.1	4.6	19.5	10.3	-15.2	0.02	0.50	1.42	2.54	1:1.79	26.9	4.6	0.0
5.356	385.7	-----	18.64	23.44	20.1	4.6	19.5	10.2	-15.1	0.01	0.51	1.40	2.57	1:1.84	26.7	4.6	0.0
5.342	386.6	-----	18.61	23.46	20.1	4.6	19.5	10.2	-15.0	0.02	0.53	1.41	2.58	1:1.83	26.8	4.6	0.0
5.378	386.2	-----	18.61	23.51	20.1	4.6	19.5	10.2	-15.0	0.02	0.52	1.42	2.57	1:1.81	26.8	4.6	0.0
5.378	387.2	-----	18.53	23.44	20.2	4.6	19.5	10.2	-15.0	0.02	0.51	1.42	2.57	1:1.81	26.5	4.6	0.0
5.387	383.9	-----	18.62	23.44	20.1	4.6	19.5	10.2	-15.1	0.02	0.52	1.42	2.56	1:1.80	26.1	4.6	0.0
5.381	385.5	-----	18.64	23.44	20.1	4.6	19.4	10.2	-15.0	0.01	0.53	1.42	2.57	1:1.81	26.9	4.6	0.0
5.404	383.4	-----	18.75	23.44	20.1	4.6	19.4	10.2	-15.1	0.02	0.53	1.42	2.55	1:1.80	26.2	4.6	0.0
