Minute Volume (lpm)	Tidal Volume (ml)	Base Flow (lpm)	PIF (lpm)	PEF (lpm)	PIP (cmH2O)	PEEP (cmH2O)	IPP (cmH2O)	MAP (cmH2O)	Breath Rate	In. Hold (sec)	Ex. Hold (sec)	In. Time (sec)	Ex. Time (sec)	I:E Ratio	Compliance (ml/cmH2O)	Min Airway Press	Assist Press	Time
3.584	244.4	-----	13.33	17.22	15.1	7.5	14.8	8.4	-15.0	0.03	0.86	1.41	2.58	1:1.83	24.6	4.4	3.1	13:54:41
3.553	244.0	-----	13.31	17.13	15.2	7.5	14.9	8.5	-15.0	0.03	0.86	1.41	2.59	1:1.84	24.4	4.5	3.0
3.553	243.2	-----	13.32	17.10	15.1	7.6	15.1	8.5	-15.1	0.03	0.85	1.40	2.58	1:1.84	23.3	4.6	3.0
3.529	243.5	-----	13.28	17.04	15.1	7.6	15.1	8.5	-15.0	0.03	0.86	1.41	2.59	1:1.84	24.1	4.6	3.0
3.536	243.2	-----	13.19	17.10	15.2	7.6	15.1	8.5	-15.1	0.03	0.84	1.40	2.58	1:1.84	23.6	4.7	2.9
3.535	243.9	-----	13.28	16.98	15.2	7.6	15.1	8.6	-15.1	0.02	0.84	1.40	2.58	1:1.84	23.9	4.5	3.1
3.527	242.8	-----	13.31	17.01	15.2	7.6	15.1	8.6	-15.0	0.03	0.87	1.40	2.59	1:1.85	23.8	4.6	3.0
3.533	242.0	-----	13.17	17.01	15.2	7.6	15.1	8.5	-15.1	0.03	0.86	1.40	2.57	1:1.84	23.7	4.6	3.0
3.527	241.8	-----	13.31	17.01	15.3	7.6	15.1	8.5	-15.1	0.03	0.86	1.40	2.58	1:1.84	23.9	4.6	3.0
3.532	242.2	-----	13.21	16.98	15.2	7.6	15.1	8.5	-15.0	0.03	0.86	1.41	2.58	1:1.83	23.2	4.6	3.0
3.530	242.9	-----	13.25	17.04	15.3	7.7	15.1	8.6	-15.0	0.03	0.85	1.41	2.58	1:1.83	23.5	4.6	3.1
3.520	242.0	-----	13.21	17.04	15.2	7.7	15.1	8.5	-15.0	0.02	0.87	1.40	2.59	1:1.85	23.7	4.7	3.0
3.521	243.5	-----	13.19	17.01	15.2	7.7	15.1	8.6	-15.0	0.03	0.85	1.40	2.59	1:1.85	24.1	4.6	3.1
3.533	243.3	-----	13.25	17.04	15.2	7.7	15.1	8.6	-15.1	0.03	0.84	1.40	2.58	1:1.84	23.6	4.6	3.1
3.526	243.1	-----	13.19	17.01	15.2	7.7	15.1	8.5	-15.0	0.03	0.86	1.41	2.59	1:1.84	24.0	4.6	3.1
