Minute Volume (lpm)	Tidal Volume (ml)	Base Flow (lpm)	PIF (lpm)	PEF (lpm)	PIP (cmH2O)	PEEP (cmH2O)	IPP (cmH2O)	MAP (cmH2O)	Breath Rate	In. Hold (sec)	Ex. Hold (sec)	In. Time (sec)	Ex. Time (sec)	I:E Ratio	Compliance (ml/cmH2O)	Min Airway Press	Assist Press	Time
1.001	39.2	-----	5.62	4.14	7.8	5.9	7.8	6.1	-15.0	0.42	1.91	1.42	2.57	1:1.81	13.0	4.7	1.2	13:56:01
1.088	40.8	-----	5.47	4.24	8.0	5.9	8.0	6.1	-15.0	0.29	1.89	1.42	2.57	1:1.81	12.7	4.7	1.2
1.087	41.2	-----	5.44	4.26	8.0	5.9	8.0	6.2	-15.0	0.29	1.90	1.42	2.58	1:1.82	12.8	4.7	1.2
1.184	43.7	-----	5.47	4.42	8.4	5.9	8.4	6.2	-15.1	0.14	1.87	1.40	2.58	1:1.84	12.1	4.7	1.2
0.933	37.7	-----	5.44	4.02	7.6	5.9	7.6	6.1	-15.0	0.49	1.92	1.42	2.57	1:1.81	-----	4.7	1.2
1.065	40.5	-----	5.37	4.26	8.0	5.9	8.0	6.2	-15.1	0.30	1.90	1.41	2.57	1:1.82	12.6	4.7	1.2
1.066	40.3	-----	5.50	4.23	8.0	5.9	8.0	6.2	-15.0	0.31	1.90	1.42	2.57	1:1.81	12.5	4.7	1.2
1.085	41.8	-----	5.34	4.28	8.1	5.9	8.1	6.2	-15.1	0.29	1.87	1.41	2.56	1:1.82	12.6	4.7	1.2
1.058	40.8	-----	5.37	4.22	8.0	5.9	8.0	6.2	-15.0	0.33	1.89	1.42	2.57	1:1.81	12.7	4.7	1.2
1.078	41.3	-----	5.53	4.24	8.1	5.9	8.1	6.2	-15.0	0.29	1.89	1.41	2.58	1:1.83	12.5	4.7	1.2
1.075	40.9	-----	5.34	4.26	8.0	5.9	8.0	6.1	-15.0	0.29	1.90	1.41	2.58	1:1.83	12.7	4.7	1.2
1.055	42.3	-----	5.47	4.30	8.0	5.9	8.0	6.1	-15.0	0.32	1.88	1.41	2.58	1:1.83	12.8	4.6	1.3
1.059	40.0	-----	5.62	4.21	7.9	5.9	7.9	6.1	-15.0	0.33	1.91	1.42	2.58	1:1.82	13.3	4.7	1.2
