Minute Volume (lpm)	Tidal Volume (ml)	Base Flow (lpm)	PIF (lpm)	PEF (lpm)	PIP (cmH2O)	PEEP (cmH2O)	IPP (cmH2O)	MAP (cmH2O)	Breath Rate	In. Hold (sec)	Ex. Hold (sec)	In. Time (sec)	Ex. Time (sec)	I:E Ratio	Compliance (ml/cmH2O)	Min Airway Press	Assist Press	Time
6.835	511.7	-----	22.33	26.87	23.5	4.8	20.9	12.0	-15.0	0.01	0.17	1.45	2.55	1:1.76	32.8	4.8	0.0	13:57:19
6.861	510.7	-----	22.46	26.93	23.5	4.7	20.8	11.9	-15.0	0.02	0.17	1.45	2.54	1:1.75	32.7	4.7	0.0
6.875	511.2	-----	22.57	26.93	23.4	4.7	20.8	11.8	-15.0	0.02	0.17	1.45	2.54	1:1.75	31.9	4.7	0.0
6.870	510.4	-----	22.60	27.04	23.5	4.7	20.7	11.7	-15.0	0.01	0.18	1.45	2.55	1:1.76	32.7	4.7	0.0
6.884	510.9	-----	22.71	27.04	23.4	4.6	20.7	11.7	-15.0	0.02	0.17	1.45	2.54	1:1.75	32.7	4.6	0.0
6.855	510.2	-----	22.62	27.01	23.4	4.6	20.6	11.7	-15.0	0.01	0.19	1.44	2.55	1:1.77	32.9	4.6	0.0
6.891	510.6	-----	22.57	26.98	23.3	4.6	20.7	11.7	-15.0	0.02	0.18	1.45	2.54	1:1.75	32.1	4.6	0.0
6.880	511.3	-----	22.60	26.93	23.4	4.6	20.6	11.7	-15.0	0.01	0.18	1.45	2.55	1:1.76	32.9	4.6	0.0
6.845	510.2	-----	22.71	26.98	23.3	4.5	20.6	11.7	-15.1	0.01	0.19	1.43	2.55	1:1.78	32.9	4.5	0.0
6.900	511.7	-----	22.62	26.98	23.3	4.6	20.7	11.7	-15.0	0.01	0.17	1.44	2.55	1:1.77	32.5	4.6	0.0
6.907	508.3	-----	22.62	27.01	23.3	4.6	20.7	11.7	-15.1	0.02	0.16	1.45	2.53	1:1.74	32.3	4.6	0.0
6.892	512.9	-----	22.95	27.07	23.3	4.6	20.8	11.7	-15.0	0.02	0.17	1.45	2.55	1:1.76	32.6	4.6	0.0
6.882	510.2	-----	22.62	27.04	23.3	4.6	20.6	11.7	-15.1	0.01	0.16	1.43	2.54	1:1.78	32.4	4.6	0.0
6.915	510.2	-----	22.52	27.01	23.3	4.6	20.6	11.7	-15.1	0.01	0.17	1.45	2.53	1:1.74	32.2	4.6	0.0
6.885	512.0	-----	22.73	27.01	23.3	4.6	20.7	11.7	-15.0	0.01	0.17	1.45	2.55	1:1.76	32.8	4.6	0.0
6.877	512.1	-----	22.68	26.98	23.3	4.6	20.8	11.7	-15.0	0.02	0.17	1.45	2.55	1:1.76	32.6	4.6	0.0
6.884	511.4	-----	22.62	27.04	23.3	4.6	20.7	11.7	-15.1	0.02	0.17	1.44	2.54	1:1.76	32.7	4.6	0.0
6.889	511.9	-----	22.62	27.01	23.3	4.6	20.7	11.7	-15.1	0.01	0.17	1.44	2.54	1:1.76	32.6	4.6	0.0
6.877	511.7	-----	22.52	26.98	23.3	4.6	20.8	11.7	-15.0	0.02	0.18	1.45	2.55	1:1.76	32.5	4.6	0.0
6.864	511.9	-----	22.52	27.04	23.3	4.6	20.8	11.7	-15.0	0.02	0.18	1.44	2.55	1:1.77	32.6	4.6	0.0
