Minute Volume (lpm)	Tidal Volume (ml)	Base Flow (lpm)	PIF (lpm)	PEF (lpm)	PIP (cmH2O)	PEEP (cmH2O)	IPP (cmH2O)	MAP (cmH2O)	Breath Rate	In. Hold (sec)	Ex. Hold (sec)	In. Time (sec)	Ex. Time (sec)	I:E Ratio	Compliance (ml/cmH2O)	Min Airway Press	Assist Press	Time
7.248	539.8	-----	27.26	26.81	24.0	5.7	22.9	13.1	-15.0	0.02	0.09	1.40	2.60	1:1.86	32.9	5.7	0.0	13:59:41
7.198	552.9	-----	27.18	26.87	24.1	5.3	23.0	12.9	-15.1	0.01	0.07	1.38	2.60	1:1.88	32.3	5.3	0.0
7.302	554.1	-----	27.34	27.45	24.1	5.0	22.9	12.7	-15.0	0.01	0.07	1.39	2.60	1:1.87	32.2	5.0	0.0
7.371	555.2	-----	27.66	27.59	23.9	4.9	22.9	12.5	-15.1	0.02	0.09	1.39	2.59	1:1.86	31.5	4.9	0.0
7.401	555.5	-----	27.86	27.85	23.9	4.7	22.8	12.4	-15.0	0.01	0.10	1.39	2.60	1:1.87	31.7	4.7	0.0
7.444	555.8	-----	27.89	27.97	23.9	4.7	22.7	12.4	-15.1	0.01	0.11	1.39	2.59	1:1.86	31.4	4.7	0.0
7.401	556.0	-----	28.00	28.08	23.9	4.7	22.8	12.3	-15.0	0.02	0.12	1.39	2.60	1:1.87	31.2	4.7	0.0
7.422	556.2	-----	28.09	28.14	23.9	4.7	22.7	12.3	-15.0	0.01	0.13	1.39	2.61	1:1.88	31.7	4.7	0.0
7.448	553.6	-----	28.13	28.01	23.9	4.7	22.7	12.3	-15.0	0.01	0.13	1.39	2.60	1:1.87	31.6	4.7	0.0
7.404	556.4	-----	28.12	28.04	23.9	4.7	22.7	12.2	-15.0	0.01	0.13	1.38	2.61	1:1.89	32.1	4.7	0.0
7.445	553.2	-----	28.04	28.19	23.9	4.7	22.8	12.2	-15.0	0.02	0.14	1.39	2.60	1:1.87	31.7	4.7	0.0
7.446	553.1	-----	27.97	28.19	23.9	4.7	22.8	12.3	-15.0	0.02	0.14	1.39	2.60	1:1.87	31.9	4.7	0.0
7.466	552.7	-----	28.03	28.01	23.9	4.7	22.8	12.3	-15.1	0.02	0.13	1.39	2.59	1:1.86	31.2	4.7	0.0
7.426	555.1	-----	28.04	28.19	23.9	4.7	22.8	12.3	-15.1	0.01	0.14	1.38	2.60	1:1.88	31.1	4.7	0.0
7.457	553.9	-----	28.12	28.14	23.9	4.7	22.8	12.3	-15.0	0.01	0.14	1.39	2.60	1:1.87	32.0	4.7	0.0
7.452	555.8	-----	28.13	28.16	23.9	4.7	22.8	12.3	-15.0	0.02	0.14	1.39	2.60	1:1.87	31.2	4.7	0.0
7.433	556.3	-----	28.07	28.14	23.9	4.7	22.8	12.3	-15.1	0.01	0.13	1.38	2.60	1:1.88	31.2	4.7	0.0
7.410	556.1	-----	28.00	28.08	23.9	4.7	22.8	12.2	-15.0	0.02	0.14	1.39	2.60	1:1.87	31.2	4.7	0.0
7.450	551.7	-----	28.19	28.00	23.9	4.7	22.8	12.3	-15.1	0.02	0.12	1.39	2.58	1:1.86	30.9	4.7	0.0
7.440	557.2	-----	28.16	28.08	23.9	4.7	22.8	12.2	-15.0	0.01	0.13	1.39	2.61	1:1.88	31.8	4.7	0.0
7.447	556.2	-----	28.00	28.00	23.9	4.7	22.8	12.3	-15.1	0.01	0.13	1.38	2.60	1:1.88	31.2	4.7	0.0
7.439	556.3	-----	28.03	27.96	23.9	4.7	22.8	12.3	-15.1	0.01	0.12	1.38	2.60	1:1.88	31.9	4.7	0.0
7.457	557.0	-----	28.00	28.00	23.9	4.7	22.8	12.3	-15.0	0.02	0.12	1.39	2.60	1:1.87	31.2	4.7	0.0
