Minute Volume (lpm)	Tidal Volume (ml)	Base Flow (lpm)	PIF (lpm)	PEF (lpm)	PIP (cmH2O)	PEEP (cmH2O)	IPP (cmH2O)	MAP (cmH2O)	Breath Rate	In. Hold (sec)	Ex. Hold (sec)	In. Time (sec)	Ex. Time (sec)	I:E Ratio	Compliance (ml/cmH2O)	Min Airway Press	Assist Press	Time
4.526	311.1	-----	19.94	20.01	17.3	4.5	17.1	9.5	-15.0	0.02	0.69	1.38	2.61	1:1.89	25.0	4.5	0.0	14:01:43
4.499	309.6	-----	19.78	20.01	17.3	4.5	17.1	9.6	-15.0	0.03	0.69	1.39	2.60	1:1.87	25.3	4.5	0.0
4.472	308.8	-----	19.67	19.96	17.3	4.6	17.0	9.6	-15.0	0.02	0.70	1.38	2.61	1:1.89	26.1	4.6	0.0
4.429	308.4	-----	19.61	19.88	17.3	4.6	17.1	9.6	-15.1	0.03	0.69	1.37	2.60	1:1.90	25.2	4.6	0.0
4.459	307.7	-----	19.67	19.82	17.3	4.7	17.1	9.6	-15.0	0.03	0.70	1.39	2.61	1:1.88	25.8	4.7	0.0
4.463	307.2	-----	19.67	19.82	17.3	4.7	17.1	9.6	-15.0	0.02	0.70	1.38	2.61	1:1.89	25.8	4.7	0.0
4.460	307.5	-----	19.58	19.77	17.3	4.6	17.1	9.6	-15.0	0.02	0.71	1.38	2.61	1:1.89	25.0	4.6	0.0
4.458	308.1	-----	19.67	19.85	17.3	4.7	17.1	9.6	-15.0	0.03	0.68	1.39	2.60	1:1.87	25.2	4.7	0.0
4.442	307.3	-----	19.69	19.80	17.3	4.7	17.1	9.6	-15.1	0.02	0.70	1.38	2.60	1:1.88	25.1	4.7	0.0
4.449	307.6	-----	19.59	19.82	17.4	4.7	17.0	9.6	-15.0	0.02	0.70	1.39	2.61	1:1.88	25.6	4.7	0.0
4.455	305.8	-----	19.78	19.90	17.4	4.7	17.1	9.6	-15.0	0.03	0.71	1.39	2.60	1:1.87	25.2	4.7	0.0
4.452	307.8	-----	19.69	19.88	17.3	4.7	17.2	9.6	-15.0	0.02	0.69	1.38	2.61	1:1.89	25.4	4.7	0.0
4.438	308.1	-----	19.67	19.85	17.4	4.6	17.2	9.6	-15.0	0.02	0.69	1.38	2.62	1:1.90	25.6	4.6	0.0
4.404	306.6	-----	19.67	19.71	17.3	4.7	17.1	9.7	-15.1	0.03	0.69	1.37	2.60	1:1.90	25.1	4.7	0.0
4.425	307.6	-----	19.56	19.88	17.3	4.6	17.1	9.6	-15.0	0.02	0.70	1.38	2.61	1:1.89	25.4	4.6	0.0
