Minute Volume (lpm)	Tidal Volume (ml)	Base Flow (lpm)	PIF (lpm)	PEF (lpm)	PIP (cmH2O)	PEEP (cmH2O)	IPP (cmH2O)	MAP (cmH2O)	Breath Rate	In. Hold (sec)	Ex. Hold (sec)	In. Time (sec)	Ex. Time (sec)	I:E Ratio	Compliance (ml/cmH2O)	Min Airway Press	Assist Press	Time
1.245	54.0	-----	7.71	5.57	8.3	6.1	8.3	6.3	-15.0	0.45	1.80	1.40	2.59	1:1.85	15.8	4.6	1.5	14:03:13
1.269	53.5	-----	7.41	5.43	8.5	6.1	8.5	6.4	-15.1	0.35	1.80	1.39	2.59	1:1.86	14.8	4.7	1.4
1.218	51.1	-----	7.47	5.21	8.3	6.1	8.3	6.4	-15.0	0.40	1.82	1.40	2.59	1:1.85	15.0	4.7	1.4
1.222	51.0	-----	7.47	5.15	8.3	6.1	8.3	6.4	-15.0	0.41	1.81	1.41	2.58	1:1.83	15.0	4.7	1.4
1.137	49.3	-----	7.47	5.05	8.1	6.1	8.1	6.4	-15.0	0.55	1.84	1.41	2.59	1:1.84	15.4	4.7	1.4
1.204	50.8	-----	7.50	5.15	8.3	6.2	8.3	6.4	-15.1	0.42	1.82	1.39	2.59	1:1.86	14.9	4.7	1.5
1.209	50.8	-----	7.44	5.13	8.3	6.1	8.3	6.4	-15.0	0.41	1.83	1.40	2.60	1:1.86	14.5	4.7	1.4
1.198	50.5	-----	7.44	5.16	8.4	6.1	8.4	6.4	-15.0	0.44	1.83	1.40	2.59	1:1.85	14.4	4.7	1.4
1.204	49.8	-----	7.50	5.17	8.3	6.1	8.3	6.3	-15.0	0.43	1.84	1.41	2.59	1:1.84	14.6	4.7	1.4
1.177	49.1	-----	7.31	5.08	8.3	6.1	8.2	6.4	-15.1	0.45	1.83	1.40	2.58	1:1.84	14.8	4.7	1.4
1.195	49.6	-----	7.50	5.07	8.3	6.1	8.3	6.4	-15.0	0.45	1.83	1.41	2.58	1:1.83	14.5	4.7	1.4
1.183	49.8	-----	7.41	5.14	8.3	6.1	8.3	6.4	-15.0	0.45	1.84	1.40	2.59	1:1.85	14.2	4.6	1.5
