Minute Volume (lpm)	Tidal Volume (ml)	Base Flow (lpm)	PIF (lpm)	PEF (lpm)	PIP (cmH2O)	PEEP (cmH2O)	IPP (cmH2O)	MAP (cmH2O)	Breath Rate	In. Hold (sec)	Ex. Hold (sec)	In. Time (sec)	Ex. Time (sec)	I:E Ratio	Compliance (ml/cmH2O)	Min Airway Press	Assist Press	Time
9.813	724.0	-----	34.96	31.59	31.9	5.1	30.5	15.2	-15.0	0.01	0.00	1.39	2.60	1:1.87	28.9	5.1	0.0	14:04:31
9.902	722.6	-----	35.17	31.81	31.7	4.9	30.5	15.1	-15.0	0.01	0.00	1.39	2.60	1:1.87	28.6	4.9	0.0
9.939	725.2	-----	35.29	31.92	31.8	4.7	30.5	15.0	-15.0	0.01	0.01	1.39	2.60	1:1.87	28.6	4.7	0.0
9.931	727.3	-----	35.37	31.89	31.9	4.7	30.4	14.9	-15.0	0.01	0.01	1.39	2.61	1:1.88	29.0	4.7	0.0
9.996	722.3	-----	35.35	31.89	31.7	4.7	30.2	14.9	-15.1	0.01	0.01	1.39	2.59	1:1.86	29.4	4.7	0.0
9.945	727.5	-----	35.32	32.04	31.8	4.7	30.3	14.9	-15.1	0.01	0.00	1.38	2.60	1:1.88	28.8	4.7	0.0
9.978	726.3	-----	35.45	31.99	31.8	4.7	30.5	14.9	-15.0	0.01	0.01	1.39	2.60	1:1.87	28.5	4.7	0.0
9.872	724.7	-----	35.32	31.81	32.0	4.7	30.5	14.8	-15.1	0.01	0.01	1.37	2.60	1:1.90	28.9	4.7	0.0
9.978	725.0	-----	35.37	31.81	31.9	4.7	30.6	14.8	-15.0	0.01	0.01	1.38	2.61	1:1.89	28.8	4.7	0.0
9.978	727.7	-----	35.37	31.96	32.0	4.7	30.5	14.8	-15.0	0.01	0.01	1.38	2.61	1:1.89	28.6	4.7	0.0
9.969	728.3	-----	35.39	31.89	32.0	4.7	30.6	14.8	-15.0	0.01	0.01	1.39	2.61	1:1.88	28.9	4.7	0.0
10.042	719.8	-----	35.59	31.88	32.0	4.7	30.5	14.9	-15.1	0.01	0.00	1.39	2.58	1:1.86	28.3	4.7	0.0
9.964	728.0	-----	35.44	31.96	32.1	4.7	30.8	14.8	-15.0	0.01	0.01	1.39	2.61	1:1.88	28.4	4.7	0.0
9.984	724.7	-----	35.37	31.88	32.0	4.7	30.6	14.8	-15.0	0.01	0.01	1.39	2.60	1:1.87	28.7	4.7	0.0
9.945	728.1	-----	35.44	31.81	32.1	4.7	30.8	14.8	-15.0	0.01	0.01	1.38	2.61	1:1.89	28.6	4.7	0.0
9.935	728.1	-----	35.40	31.73	32.1	4.7	30.8	14.8	-15.0	0.01	0.01	1.38	2.61	1:1.89	28.7	4.7	0.0
