Minute Volume (lpm)	Tidal Volume (ml)	Base Flow (lpm)	PIF (lpm)	PEF (lpm)	PIP (cmH2O)	PEEP (cmH2O)	IPP (cmH2O)	MAP (cmH2O)	Breath Rate	In. Hold (sec)	Ex. Hold (sec)	In. Time (sec)	Ex. Time (sec)	I:E Ratio	Compliance (ml/cmH2O)	Min Airway Press	Assist Press	Time
8.055	615.6	-----	31.27	26.86	26.1	4.7	25.1	13.3	-15.0	0.02	0.01	1.38	2.61	1:1.89	30.7	4.7	0.0	14:08:38
8.091	616.8	-----	31.60	27.04	26.1	4.5	25.1	13.2	-15.0	0.01	0.02	1.37	2.63	1:1.92	31.4	4.5	0.0
8.075	617.2	-----	31.58	27.04	26.1	4.4	25.1	13.1	-15.0	0.01	0.02	1.36	2.63	1:1.93	31.4	4.4	0.0
8.129	614.9	-----	31.79	27.19	26.1	4.4	25.1	13.1	-15.1	0.01	0.01	1.36	2.61	1:1.92	30.4	4.4	0.0
8.128	616.9	-----	31.87	27.19	26.1	4.4	25.0	13.1	-15.0	0.01	0.02	1.37	2.63	1:1.92	31.3	4.4	0.0
8.147	617.4	-----	31.83	27.21	26.1	4.4	25.1	13.1	-15.0	0.01	0.01	1.37	2.62	1:1.91	30.5	4.4	0.0
8.115	616.5	-----	31.80	27.21	26.1	4.4	25.1	13.1	-15.0	0.02	0.02	1.38	2.62	1:1.90	30.6	4.4	0.0
8.136	616.9	-----	31.80	27.09	26.1	4.4	25.0	13.1	-15.0	0.01	0.01	1.37	2.62	1:1.91	30.6	4.4	0.0
8.118	616.5	-----	31.79	27.12	26.1	4.4	25.0	13.1	-15.0	0.01	0.01	1.38	2.62	1:1.90	30.6	4.4	0.0
8.120	616.7	-----	31.67	27.21	26.1	4.4	25.0	13.1	-15.0	0.01	0.01	1.37	2.62	1:1.91	30.8	4.4	0.0
8.121	616.3	-----	31.73	27.19	26.1	4.4	25.0	13.1	-15.0	0.01	0.02	1.37	2.63	1:1.92	31.6	4.4	0.0
8.133	616.6	-----	31.87	27.06	26.1	4.4	25.0	13.1	-15.0	0.01	0.01	1.37	2.62	1:1.91	30.8	4.4	0.0
8.113	616.4	-----	31.87	27.04	26.1	4.4	25.1	13.1	-15.0	0.01	0.02	1.37	2.63	1:1.92	30.9	4.4	0.0
