Minute Volume (lpm)	Tidal Volume (ml)	Base Flow (lpm)	PIF (lpm)	PEF (lpm)	PIP (cmH2O)	PEEP (cmH2O)	IPP (cmH2O)	MAP (cmH2O)	Breath Rate	In. Hold (sec)	Ex. Hold (sec)	In. Time (sec)	Ex. Time (sec)	I:E Ratio	Compliance (ml/cmH2O)	Min Airway Press	Assist Press	Time
4.840	345.2	-----	23.13	21.50	17.7	4.2	17.4	9.5	-15.1	0.02	0.62	1.38	2.59	1:1.88	26.5	4.2	0.0	14:09:52
4.751	349.4	-----	22.81	20.79	17.7	4.2	17.4	9.7	-15.1	0.02	0.53	1.38	2.60	1:1.88	26.8	4.2	0.0
4.715	349.2	-----	22.60	20.64	17.7	4.2	17.4	9.8	-15.1	0.02	0.51	1.38	2.60	1:1.88	27.2	4.2	0.0
4.631	347.8	-----	22.49	20.41	17.7	4.4	17.5	9.8	-15.0	0.03	0.51	1.38	2.61	1:1.89	26.9	4.4	0.0
4.621	346.7	-----	22.41	20.25	17.7	4.4	17.4	9.9	-15.0	0.02	0.51	1.38	2.62	1:1.90	27.9	4.4	0.0
4.604	342.7	-----	22.09	20.19	17.7	4.5	17.5	9.9	-15.0	0.03	0.52	1.38	2.61	1:1.89	27.4	4.5	0.0
4.593	344.4	-----	22.35	20.03	17.7	4.5	17.6	10.0	-15.0	0.03	0.51	1.38	2.61	1:1.89	26.9	4.5	0.0
4.581	344.3	-----	22.23	20.14	17.8	4.6	17.5	10.0	-15.0	0.02	0.50	1.38	2.61	1:1.89	27.3	4.6	0.0
4.564	343.9	-----	22.16	20.14	17.7	4.5	17.6	9.9	-15.0	0.03	0.52	1.38	2.62	1:1.90	27.7	4.5	0.0
4.541	341.9	-----	22.09	20.08	17.8	4.5	17.5	10.0	-15.1	0.02	0.52	1.36	2.61	1:1.92	27.1	4.5	0.0
4.577	344.2	-----	22.09	20.06	17.7	4.5	17.5	10.0	-15.0	0.02	0.49	1.38	2.61	1:1.89	27.7	4.5	0.0
4.568	342.7	-----	22.09	20.11	17.8	4.5	17.6	10.0	-15.0	0.03	0.51	1.38	2.61	1:1.89	27.4	4.5	0.0
4.563	343.7	-----	22.04	20.08	17.8	4.5	17.6	10.0	-15.0	0.03	0.50	1.38	2.61	1:1.89	26.8	4.5	0.0
4.558	343.2	-----	22.00	20.01	17.8	4.5	17.5	10.0	-15.0	0.02	0.51	1.38	2.62	1:1.90	27.6	4.5	0.0
4.560	342.7	-----	22.09	20.03	17.8	4.5	17.6	10.0	-15.0	0.03	0.50	1.38	2.61	1:1.89	27.4	4.5	0.0
4.503	343.3	-----	22.12	20.03	17.8	4.5	17.5	10.0	-15.1	0.02	0.51	1.36	2.62	1:1.93	27.2	4.5	0.0
4.567	341.9	-----	21.98	20.03	17.8	4.5	17.5	10.0	-15.1	0.02	0.51	1.38	2.60	1:1.88	26.9	4.5	0.0
4.530	342.0	-----	22.04	20.01	17.8	4.5	17.6	10.0	-15.0	0.03	0.52	1.38	2.61	1:1.89	26.7	4.5	0.0
